0000000000000000000000000000
0000000000000000000000000000
0000000000000000000000000000
0000000000000000000000000000
0000000000000000000000000000
0000000001111000000000000000
0000000011111110000000000000
0000000011111111111000000000
0000000011011111111100000000
0000000011000011111100000000
0000000011000000011100000000
0000000011000000001100000000
0000000011000000001100000000
0000000011000000001100000000
0000000011000000001100000000
0000000011011110001100000000
0000000011011111110100000000
0000000011011111111100000000
0000000011000011111100000000
0000000011000000111100000000
0000000011000000001100000000
0000000011000000011000000000
0000000011000000011100000000
0000000011000000011000000000
0000000011011111111000000000
0000000000111111111000000000
0000000000111111100000000000
0000000000000000000000000000
