0000000000000000000000000000
0000000000000000000000000000
0000000000000000000000000000
0000000000000000000000000000
0000000000000000001100000000
0000011111111111111110000000
0000111111111111111110000000
0000011000000000000110000000
0000011000000000000110000000
0000011000000000000110000000
0000011000000000000110000000
0000011000000000000110000000
0000011111111111111110000000
0000011111111111111110000000
0000011000000000000110000000
0000011000000000000110000000
0000011000000000000110000000
0000011000000000000110000000
0000011000000000000110000000
0000011001111111111110000000
0000111111111111111110000000
0000011111000000000000000000
0000000000000000000000000000
0000000000000000000000000000
0000000000000000000000000000
0000000000000000000000000000
0000000000000000000000000000
0000000000000000000000000000
