0000000000000000000000000000
0000000000000000000000000000
0000000000000000000000000000
0000000000000000000000000000
0000000001101000000000000000
0000000100000100000000000000
0000000000000000000000000000
0000000100000010000000000000
0000000000000000000000000000
0000000100100001000000000000
0000000010000000000000000000
0000000000000001000000000000
0000000010000000000000000000
0000000000000001000000000000
0000000010000000000000000000
0000000000111010000000000000
0000000010000010000000000000
0000000000000000000000000000
0000000000000000000000000000
0000000000000000000000000000
0000000000000000000000000000
0000000000000000000000000000
0000000000000000000000000000
0000000000000000000000000000
0000000000000000000000000000
0000000000000000000000000000
0000000000000000000000000000
0000000000000000000000000000
