0000000000000001111111111000
0000000000000110000000000100
0000000000111000000000000010
0000000011000000000000000010
0000000010000000000000000010
0000001100000000000010000010
0000001100000000000010000100
0000001100000000000010001000
0000001100000000001100010000
0000001000000000001000100000
0000001000000001110000100000
0000001000000001000011000000
0000001111111110000010000000
0000001000000000000010000000
0000001100000000000010000000
0000000100001111111111000000
0000000111110000001000110000
0000000010000000001000011111
0000000010000000001000000000
0000000010000000001000000000
0000000010000000000000000000
0000000001000000000000000000
0000000001000000000000000000
0000000000000000000000000000
0000000000000000000000000000
0000000000000000000000000000
0000000000000000000000000000
0000000000000000000000000000
