0000000000000000000000000000
0000000000000000000000000000
0000011111111111000000000000
0000010000000001000000000000
0000010000000001000000000000
0000010000000001000000000000
0000010000000001000000000000
0000010000000001000000000000
0000010000000001000000000000
0000010000000001000000000000
0000010000000000100000000000
0000010000000000100000000000
0000010000000000100000000000
0000011111111111100000000000
0000010000000000100000000000
0000010000000000100000000000
0000010000000000100000000000
0000010000000000100000000000
0000010000000000100000000000
0000010000000000100000000000
0000010000000000100000000000
0000010000000000100000000000
0000010000000000100000000000
0000010000000000100000000000
0000010000000000100000000000
0000001111111111000000000000
0000000000000000000000000000
0000000000000000000000000000
