0000000000000000000000000000
0000000000000000000000000000
0000000000000000000000000000
0000000000000000000000000000
0000000000000000000000000000
0000000000000000000000000000
0000000000100000000000000000
0000000000110001111111000000
0000000000101111111111000000
0000000000101111111111000000
0000000000101111100011000000
0000000000100000000011000000
0000000000110000000011000000
0000000000100000000111000000
0000000000100000000011000000
0000000000110000000111000000
0000000000111111110110000000
0000000000111111111110000000
0000000000111111111110000000
0000000000110000001100000000
0000000000110000011100000000
0000000000110000011100000000
0000000000110000011000000000
0000000000011111100000000000
0000000000011111111111000000
0000000000011111111111000000
0000000000000001111111000000
0000000000000000000000000000
