0000000000000000000000000000
0000000000000000000000000000
0000000000000000000000000000
0000000000000000000000000000
0000000000000000000000000000
0000000000000000000000000000
0011111111111111100000000000
0011111111111111100000000000
0011110110110111100000000000
0011100000000011100000000000
0011100000000011100000000000
0011100000000011100000000000
0011100000000011100000000000
0011111111111111100000000000
0011111111111111100000000000
0011101010101011100000000000
0011100000000011100000000000
0011100000000011100000000000
0011100000000011100000000000
0011100000000011100000000000
0011100000000011100000000000
0011111111111111100000000000
0001111111111111100000000000
0011110101101111100000000000
0011100000000011100000000000
0000000000000000000000000000
0000000000000000000000000000
0000000000000000000000000000
