0000000000000000000000000000
0000000000000000000000000000
0000000000000000000000000000
0000000000000000000000000000
0000000000000000000000000000
0000000000000100100100000000
0000000100000000000000000000
0000000000000000000100000000
0000000100000000000000000000
0000000000000000000100000000
0000000100000000000000000000
0000000100101111100100000000
0000000000000000001000000000
0000000100000000000100000000
0000000100000000000000000000
0000000000000000000100000000
0000000100000000000000000000
0000000000000000000100000000
0000000100000000000000000000
0000000000101011010100000000
0000000000000000000000000000
0000000000000000000000000000
0000000000000000000000000000
0000000000000000000000000000
0000000000000000000000000000
0000000000000000000000000000
0000000000000000000000000000
0000000000000000000000000000
