0000000000000000000000000000
0000000000000000000000000000
0000000000000000000000000000
0000000000000000000000000000
0000000000000000000000000000
0000000001111110000000000000
0000001110000010000000000000
0000000100000010000000000000
0000000100000010000000000000
0000000100000001000000000000
0000000100001111100000000000
0000000101111001000000000000
0000000111000001000000000000
0000000010000001000000000000
0000000010000001000000000000
0000000010000001000000000000
0000000010000001000000000000
0000000111111111000000000000
0000000000000000000000000000
0000000000000000000000000000
0000000000000000000000000000
0000000000000000000000000000
0000000000000000000000000000
0000000000000000000000000000
0000000000000000000000000000
0000000000000000000000000000
0000000000000000000000000000
0000000000000000000000000000
