0000000000000000000000000000
0000000000000000000000000000
0000000000000000000000000000
0000000000000000000000000000
0000000000000000000000000000
0000000000000000000000000000
0000000000011111111100000000
0000000111110000000110000000
0000000110000000000010000000
0000000100000000000001000000
0000000100000000000001000000
0000000010000000000001000000
0000000010000000000001000000
0000000010000000000001100000
0000000010000000000000100000
0000000010000000000000100000
0000000011000000000000100000
0000000011111111111110100000
0000000010000000000000100000
0000000010000000000000100000
0000000010000000000000100000
0000000011000000000000100000
0000000010000000000001100000
0000000001111111111111100000
0000000000000000000000000000
0000000000000000000000000000
0000000000000000000000000000
0000000000000000000000000000
