0000000000000000000000000000
0000000000000000000000000000
0000000000000000000000000000
0000000000000000000000000000
0000000000000111110000000000
0000111111111000010000000000
0000100000000000010000000000
0000100000000000010000000000
0000100000000000010000000000
0000100000000000010000000000
0000100000000000010000000000
0000100000000000010000000000
0000100000000000010000000000
0000100000000000010000000000
0000111111111110010000000000
0000100000000000010000000000
0000100000000000010000000000
0000100000000000010000000000
0000100000000000010000000000
0000100000000000010000000000
0000100000000000010000000000
0000000000000000010000000000
0000111111110000010000000000
0000000000011110110000000000
0000000000000000000000000000
0000000000000000000000000000
0000000000000000000000000000
0000000000000000000000000000
