0000000000000000000000000000
0000000000000000000000000000
0000000000000000000000000000
0000000000000000000000000000
0000000001111000000000000000
0000000010001111110000000000
0000000010000000011111100000
0000000010000000000000100000
0000000010000000000000010000
0000000010000000000000010000
0000000010000000000000010000
0000000010000000000000010000
0000000010000000000000010000
0000000010000000000000010000
0000000010000000000000011000
0000000010000000000011001000
0000000010111111111110001000
0000000011000000000000001000
0000000001000000000000001000
0000000001000000000000001000
0000000001000000000000001000
0000000001000000000000001000
0000000001000000000000001000
0000000001111111111111111000
0000000000000000000000011000
0000000000000000000000000000
0000000000000000000000000000
0000000000000000000000000000
