0000000000000000000000000000
0000000000000000000000000000
0000000000000000000000000000
0000000000000000000000000000
0000000000001001001000000000
0000000111111110111100000000
0000000010000000000010000000
0000000010000000000100000000
0000000010000000000100000000
0000000100000000000100000000
0000000010000000000100000000
0000000100000000000100000000
0000000010000000000100000000
0000000100000000010100000000
0000000101111111110100000000
0000000100000000000100000000
0000000100000000000100000000
0000000100000000000100000000
0000000100000000000100000000
0000000100000000001000000000
0000000100000000001000000000
0000000100000100001000000000
0000001111111011111000000000
0000000000000000001000000000
0000000000000000001000000000
0000000000000000000000000000
0000000000000000000000000000
0000000000000000000000000000
