0000000000000000000000000000
0000000000000000000000000000
0000000000000000000000000000
0000100000000000000000000000
0000111111111111110000000000
0000100000000000010000000000
0000100000000000010000000000
0000100000000000010000000000
0000100000000000010000000000
0000100000000000010000000000
0000100000000000010000000000
0000100000000000010000000000
0000100000000000010000000000
0000111111111111110000000000
0001000000000000010000000000
0001000000000000010000000000
0001000000000000010000000000
0001000000000000010000000000
0001000000000000010000000000
0001100000000011110000000000
0000111111111110100000000000
0000000000000000000000000000
0000000000000000000000000000
0000000000000000000000000000
0000000000000000000000000000
0000000000000000000000000000
0000000000000000000000000000
0000000000000000000000000000
