0000000000000000000000000000
0000000000000000000000000000
0000000111111111111000000000
0000001111111111111100000000
0000001111111111111110000000
0000001110000000001110000000
0000001110000000001110000000
0000011110000000001110000000
0000011110000000001110000000
0000011100000000001110000000
0000011100000000001110000000
0000011100000000111110000000
0000011111111111111110000000
0000011111111111111110000000
0000011111111111111110000000
0000011100000000001110000000
0000011100000000001110000000
0000011100000000001110000000
0000011100000000001110000000
0000011100000000001110000000
0000011111111111111110000000
0000011111111111111110000000
0000011111111111111110000000
0000001110000000000000000000
0000000000000000000000000000
0000000000000000000000000000
0000000000000000000000000000
0000000000000000000000000000
