1111111111111111111111111111
1111111111111111111111111111
1111111111111111111111111111
1111111111111111111111111111
1111111111111111111111111111
0111101011111111111000101111
1001110111111111111111111111
0111101011111111111000101111
0000100010101011101000101111
1001100010000000000110001111
0010001010100100000100101111
0100100010100101000101001111
0100000010000001000100001111
0001000110000000000101001111
0000001010101101000110001111
0101100001010110001010001111
1011011101000000001000001111
0101101001001001001001001111
1111111101010010001000001111
1111111100000010001000101111
1111111101001010010000101111
1111111101101010100001001111
1111111100010010100100001111
1111111110111011110010101111
1111111101000100001101011111
1111111110111011110110101111
1111111111111111111111111111
1111111111111111111111111111
