0000000000000000000000000000
0000000000000000000000000000
0000000000000000000000000000
0000000000000000000000000000
0000000000000000000000000000
0000000001111111111111100000
0000000001000000000000100000
0000000001000000000001100000
0000000001000000000001000000
0000000001000000000001000000
0000000001000000000001000000
0000000001000000000001000000
0000000001000000000010000000
0000000001111111111110000000
0000000001000000000010000000
0000000001000000000010000000
0000000001000000000010000000
0000000001000000000100000000
0000000001000000000100000000
0000000000000000000100000000
0000000011111111111110000000
0000000000000000000100000000
0000000000000000000000000000
0000000000000000000000000000
0000000000000000000000000000
0000000000000000000000000000
0000000000000000000000000000
0000000000000000000000000000
