0000000000000000000000000000
0000000000000000000000000000
0000000000000000000000000000
0000000000000001111111111000
0000000000111110000000001000
0000000001100000000000010000
0000000011000000000000010000
0000000010000000000000010000
0000000010000000000000100000
0000000010000000000000100000
0000000010000000000000100000
0000000010000000000001000000
0000000010000000000001000000
0000000011111000000001000000
0000000100000111111111000000
0000000100000000000100000000
0000000100000000000100000000
0000000100000000001100000000
0000000100000000001000000000
0000000100000000001000000000
0000001100001111111000000000
0000001111110000000000000000
0000000000000000000000000000
0000000000000000000000000000
0000000000000000000000000000
0000000000000000000000000000
0000000000000000000000000000
0000000000000000000000000000
