0000000000000000000000000000
0000000000000000000000000000
0000000000000000000000000000
0000000000000000000000000000
0000000000000000000000000000
0000100111111111100000000000
0000111100000000100000000000
0000100000000000100000000000
0000100000000000100000000000
0000100000000000100000000000
0000100000000000100000000000
0000100000000000100000000000
0000100000011111111000000000
0000111111110000100000000000
0000100000000000100000000000
0000100000000000100000000000
0000100000000000100000000000
0000100000000000100000000000
0000100000000000100000000000
0000111111111111100000000000
0000000000000000000000000000
0000000000000000000000000000
0000000000000000000000000000
0000000000000000000000000000
0000000000000000000000000000
0000000000000000000000000000
0000000000000000000000000000
0000000000000000000000000000
