0000000000000000000000000000
0000000000000000000000000000
0000000000000000000000000000
0000100000000111100000000000
0000111111111000100000000000
0000100000000000100000000000
0000100000000000100000000000
0000100000000000100000000000
0000100000000001100000000000
0000100000000001000000000000
0000100000001111000000000000
0000111111111001000000000000
0000100000000001000000000000
0000100000000001000000000000
0000100000000001000000000000
0000100000000001000000000000
0000110000000001000000000000
0000010000000001000000000000
0000011111111111110000000000
0000000000000000000000000000
0000000000000000000000000000
0000000000000000000000000000
0000000000000000000000000000
0000000000000000000000000000
0000000000000000000000000000
0000000000000000000000000000
0000000000000000000000000000
0000000000000000000000000000
