0000000000000000000000000000
0000000000000000000000000000
0001000000000000000000000000
0011111111111111111100000000
0011111111111111111110000000
0011111111111111111110000000
0011100000000000001110000000
0011100000000000001110000000
0011100000000000001110000000
0011100000000000001110000000
0011100000000000001110000000
0011100000000000001110000000
0011110000000000001110000000
0001110000000000001110000000
0001110111000000001110000000
0001111111111000001110000000
0001110111111110001110000000
0001110011111111001110000000
0001110000001111001110000000
0001110000000000001110000000
0001110000000000001110000000
0001110000000000001110000000
0001110000000000001110000000
0001110000000000001110000000
0001110111111111111111000000
0001111111111111111111000000
0001110111111111111111000000
0001110000000000011110000000
