0000000000000000000000000000
0000000000000000000000000000
0000011111111000000000000000
0000111111111111111100000000
0001111111111111111110000000
0001110000001111111111000000
0001110000000000000111000000
0011110000000000000111000000
0011110000000000000111000000
0011100000000000000111000000
0011100000000000000111000000
0011100000000000000111000000
0011100000000000000111100000
0011100000000000000011100000
0011111111111111100011100000
0111111111111111110011100000
0111111111111111110011100000
0111000000000000000011100000
0111000000000000000011100000
0111000000000000000011100000
0111000000000000000011100000
0111000000000000000011100000
0111111111000000000011100000
0011111111111111100011110000
0011111111111111111111110000
0000000001111111111111110000
0000000000000000111111100000
0000000000000000000000000000
