0000000000000000000000000000
0000000000000000000000000000
0000000000000000000000000000
0000000000000000000000000000
0000000000000000000000000000
0000001110000000000000000000
0000011001111111110000000000
0000010000000000001000000000
0000010000000000001000000000
0000010000000000001000000000
0000010000000000001000000000
0000010000000000001000000000
0000011111111100001000000000
0000010000000011111100000000
0000010000000000001000000000
0000010000000000001000000000
0000010000000000001000000000
0000010000000000001000000000
0000010000000000001000000000
0000010011111111111000000000
0000010000000000001000000000
0000000000000000000000000000
0000000000000000000000000000
0000000000000000000000000000
0000000000000000000000000000
0000000000000000000000000000
0000000000000000000000000000
0000000000000000000000000000
