0000000000000000000000000000
0000000000000000000000000000
0000000000111111111000000000
0011111111000000001000000000
0010000000000000001000000000
0010000000000000001000000000
0010000000000000001000000000
0001000000000000001000000000
0001000000000000001000000000
0001000000000000000100000000
0001000000000000000100000000
0001000000000000000100000000
0001000000000000010100000000
0000101111111111110100000000
0000100000000000000100000000
0000100000000000000100000000
0000100000000000000100000000
0000100000000000000100000000
0000100000000000000100000000
0000010000000000000010000000
0000010000000000000010000000
0000010000011111111111100000
0000001111100000000000000000
0000000000000000000000000000
0000000000000000000000000000
0000000000000000000000000000
0000000000000000000000000000
0000000000000000000000000000
