0000000000000000000000000000
0000000000000000000000000000
0000000000000000000000000000
0000000000000000000000000000
0000000000000000000000000000
0000000000000000000000000000
0000011111111111110000000000
0000001000000000010000000000
0000001000000000010000000000
0000001000000000011000000000
0000001000000000001000000000
0000001000000000001000000000
0000001000000000001000000000
0000011000000000001000000000
0000010000000000001000000000
0000011111111111111000000000
0000010000000000001000000000
0000010000000000001000000000
0000010000000000001000000000
0000010000000000001000000000
0000010000000000001000000000
0000010000000000001000000000
0000010000000000001000000000
0000010000000000111000000000
0000011111111111100000000000
0000000000000000000000000000
0000000000000000000000000000
0000000000000000000000000000
