0000000000000000000000000000
0000000000000000000000000000
0000000000000000000000000000
0000000000000000000000000000
0000000000000000000000000000
0000000000000000000000000000
0000000011111111111000000000
0000000100000000001110000000
0000000100000000000010000000
0000000100000000000010000000
0000000100000000000010000000
0000000100000000000110000000
0000000100000000000100000000
0000000100000000000100000000
0000000100111111111100000000
0000000100000000011100000000
0000000100000000000100000000
0000000100000000000100000000
0000000100000000000100000000
0000000100000000000100000000
0000000000000000000100000000
0000000000000000001100000000
0000000111111111111100000000
0000000000000000111000000000
0000000000000000000000000000
0000000000000000000000000000
0000000000000000000000000000
0000000000000000000000000000
