0000000000000000000000000000
0000000000000000000000000000
0000000000000000000000000000
0000000000000000000000000000
0000000000000000000000000000
0000000000000000000000000000
0000000111111111110000000000
0000000110000000010000000000
0000000100000000010000000000
0000000100000000010000000000
0000000100000000110000000000
0000000101111111100000000000
0000000101000000100000000000
0000000100000000100000000000
0000000100000001100000000000
0000000100000011000000000000
0000000111111111000000000000
0000000000000000000000000000
0000000000000000000000000000
0000000000000000000000000000
0000000000000000000000000000
0000000000000000000000000000
0000000000000000000000000000
0000000000000000000000000000
0000000000000000000000000000
0000000000000000000000000000
0000000000000000000000000000
0000000000000000000000000000
