0000000000000000000000000000
0000000000000000000000000000
0000000000000000000000000000
0000000000000000000000000000
0000000000000000000000000000
0000000001111111111111100000
0000000010000000000000000000
0000000010000000000001100000
0000000010000000000000000000
0000000010000000000001000000
0000000010000000000011000000
0000000010000000000000000000
0000000010000000000010000000
0000000010000000000010000000
0000000010111111110010000000
0000000010000000000010000000
0000000010000000000010000000
0000000010000000000010000000
0000000000000000000010000000
0000000000000000000010000000
0000000000000101110010000000
0000000011111100000010000000
0000000000000000000010000000
0000000000000000000000000000
0000000000000000000000000000
0000000000000000000000000000
0000000000000000000000000000
0000000000000000000000000000
