0000000000000000000000000000
0000000000000000000000000000
0000000000000000000000000000
0000000000000000000000000000
0000000000000000000000000000
0000000000000000000000000000
0000000010000000000000000000
0000000010111111111100000000
0000000011000000000110000000
0000000001000000000010000000
0000000001000000000010000000
0000000001000000000010000000
0000000001000000000010000000
0000000001000000000010000000
0000000001011111111010000000
0000000001000000000010000000
0000000001000000000010000000
0000000011000000000010000000
0000000010000000000110000000
0000000010000000000110000000
0000000010000111111111000000
0000000011111100000000000000
0000000010000000000000000000
0000000000000000000000000000
0000000000000000000000000000
0000000000000000000000000000
0000000000000000000000000000
0000000000000000000000000000
