0000000000000000000000000000
0000000000000000000000000000
0000000000000000000000000000
0000001111111111111111111000
0000001000000000000000001000
0000001000000000000000001000
0000001000000000000000010000
0000001000000000000000010000
0000001000000000000000010000
0000001000000000000000100000
0000001000000000000000100000
0000001000000000000000100000
0000001000000000000000100000
0000001000000000000000100000
0000001111111111111101000000
0000001000000000000001000000
0000001000000000000001000000
0000001000000000000001000000
0000001000000000000001000000
0000001000000000000001000000
0000001000000000000001000000
0000001000000000000001000000
0000001000000000000011000000
0000001011111111111110000000
0000001000000000000000000000
0000000000000000000000000000
0000000000000000000000000000
0000000000000000000000000000
