0000000000000000000000000000
0000000000000000000000000000
0000000000000000000000000000
0000000000000000000000000000
0000111111111111111000000000
0000100000000000001000000000
0000100000000000000100000000
0000100000000000000100000000
0000100000000000000100000000
0000100000000000000100000000
0000100000000000000100000000
0000100000000000000100000000
0000100000000011111100000000
0001001111111100000100000000
0001000000000000000100000000
0001000000000000000100000000
0001000000000000000100000000
0001000000000000000100000000
0001000000000000000100000000
0001000000000000000100000000
0001000000000000000110000000
0001000000000000011111110000
0001111111111111100000000000
0001000000000000000000000000
0000000000000000000000000000
0000000000000000000000000000
0000000000000000000000000000
0000000000000000000000000000
