0000000000000000000000000000
0000000000000000000000000000
0000000000000000000000000000
0000000000000000000000000000
0000000000000000000000000000
0000000000000000000000000000
0000000000011111111100000000
0000000011110000000100000000
0000000001000000000100000000
0000000001000000000100000000
0000000010000000000100000000
0000000010000000000100000000
0000000010000000001100000000
0000000010011111111100000000
0000000010000000001100000000
0000000010000000001000000000
0000000010000000001000000000
0000000000000000001000000000
0000000000000000010000000000
0000000111111111110000000000
0000000000000000000000000000
0000000000000000000000000000
0000000000000000000000000000
0000000000000000000000000000
0000000000000000000000000000
0000000000000000000000000000
0000000000000000000000000000
0000000000000000000000000000
