0000001000000100001000000010
0101010010101001010010101000
0010000100010000100000010010
0100101001000101001010100100
0001000010010010010000001001
0100010001011010101010100000
0010001010001010101000010101
0100100001000000010101000010
0001001010101010101000101000
0100100001001001001010000101
0010001010100100010001010000
0100100001010001010100001010
0001001010100100010010100000
0100010001001001001000010101
0010001010100010010101000000
0100100001010100101000101010
0001001010001010101010000100
0100010001101010101000101001
0010000100100000100101000010
0100101010010101010000010100
0001000001000000010101000001
0100010101101101010010010100
0010000001010101010100100010
0100101010101001010010001001
0001000000000100101001010010
0100010101010010000100001000
0010001000001000101001010010
0100100010100010000100001001
