0000000000000000000000000000
0000000000000000000000000000
0000000000000000000000000000
0000000000000001000000000000
0000001000011110100000000000
0000001011100000110000000000
0000001000000000010000000000
0000001000000000001000000000
0000010000000000001000000000
0000010000000000001000000000
0000010000000000001000000000
0000010000000000010000000000
0000010000000000010000000000
0000100000000000010000000000
0000100000000000010000000000
0000100000000010110000000000
0000100010111110110000000000
0000101110100000100000000000
0000100000000000100000000000
0000100000000000100000000000
0001000000000001000000000000
0000100010000001000000000000
0001000011110001000101000000
0001000000001111111101000000
0001000000000001000000000000
0001000000000001000000000000
0000000000000000000000000000
0000000000000000000000000000
