0000000000000000000000000000
0000000000000000000000000000
0000000001000000000000000000
0000000011111111111000000000
0000000111111111111100000000
0000001111111111111100000000
0000001110000000011100000000
0000001110000000011100000000
0000011110000000011100000000
0000011110000000011100000000
0000011100000000011100000000
0000011100000000011100000000
0000011100000000011100000000
0000011101111111111100000000
0000011111111111111100000000
0000011101111111111100000000
0000011100000000011100000000
0000011100000000011100000000
0000011100000000011100000000
0000011100000000011100000000
0000011100000000011100000000
0000011101111111111100000000
0000001111111111111100000000
0000000001111111111100000000
0000000000000000000000000000
0000000000000000000000000000
0000000000000000000000000000
0000000000000000000000000000
