0000000000000000000000000000
0000000000000000000000000000
0000000000000000000000000000
0000000000000000000000000000
0000000000000000000000000000
0000000000000000000000000000
0000000011100001000000000000
0000000010011111000000000000
0000000010000001000000000000
0000000010000001000000000000
0000000010000010000000000000
0000000010000010000000000000
0000000010000010000000000000
0000000010000010000000000000
0000000010111110000000000000
0000000011000010000000000000
0000000010000010000000000000
0000000010000010000000000000
0000000110000010000000000000
0000000100000001100000000000
0000000011111110000000000000
0000000000000000000000000000
0000000000000000000000000000
0000000000000000000000000000
0000000000000000000000000000
0000000000000000000000000000
0000000000000000000000000000
0000000000000000000000000000
