0000000000000000000000000000
0000000000000000000000000000
0000000000000000000000000000
0000000000000000000000000000
0000000111111111111000000000
0000001100000000001000000000
0000001000000000001000000000
0000001000000000001000000000
0000001000000000001000000000
0000001000000000001000000000
0000001000000000001000000000
0000001000000000001000000000
0000001000000000011000000000
0000001111111111110000000000
0000011100000000010000000000
0000010000000000010000000000
0000010000000000010000000000
0000010000000000010000000000
0000010000000000010000000000
0000010000000000010000000000
0000010000000000010000000000
0000010000000000010000000000
0000011111000000010000000000
0000000001111111110000000000
0000000000000000000000000000
0000000000000000000000000000
0000000000000000000000000000
0000000000000000000000000000
