0000000000000000000000000000
0000000000000000000000000000
0000000101111111111000000000
0000001111111111111110000000
0000001100000000000110000000
0000001100000000000110000000
0000001100000000000110000000
0000001100000000000110000000
0000011000000000000110000000
0000001100000000000110000000
0000001100000000000110000000
0000011000000000000110000000
0000001100000000000110000001
0000011111111111111110000000
0000001111111111111110000000
0000011000000000000110000000
0000001100000000000110000000
0000011000000000001100000000
0000011000000000000110000000
0000001100000000000110000000
0000011000000000000110000000
0000011000000000000110000000
0000001000000000000110000000
0000011100010010010110000000
0000011111111111111110000000
0000011111111011101110000000
0000000000000000000000000000
0000000000000000000000000000
