0000000000000000000000000000
0000000000000000000000000000
0000000000000000000000000000
0000000000000000000000000000
0000100000000000000000000000
0000111111111111111110000000
0000110000000000000010000000
0000100000000000000010000000
0000100000000000000010000000
0000100000000000000010000000
0000100000000000000010000000
0000100000000000000010000000
0000110000000000000010000000
0000010011111111111010000000
0000010000000000001110000000
0000010000000000000010000000
0000010000000000000010000000
0000010000000000000010000000
0000010000000000000010000000
0000010011111111111111110000
0000001000000000000010000000
0000001000000000000000000000
0000000000000000000000000000
0000000000000000000000000000
0000000000000000000000000000
0000000000000000000000000000
0000000000000000000000000000
0000000000000000000000000000
