0000000000000000000000000000
0000000000000000000000000000
0000000000000000000000000000
0000000000000000000000000000
0000000000000000000000000000
0000000000000011100000000000
0000000001111110100000000000
0000000111000000100000000000
0000000100000000110000000000
0000000100000000010000000000
0000000100000000010000000000
0000000100000000010000000000
0000000100000000010000000000
0000000100000110010000000000
0000000111111100010000000000
0000000110000000010000000000
0000000100001000010000000000
0000000100001100010000000000
0000000100111110010000000000
0000000111000011010000000000
0000000100000001110000000000
0000000000000000100000000000
0000000000000000000000000000
0000000000000000000000000000
0000000000000000000000000000
0000000000000000000000000000
0000000000000000000000000000
0000000000000000000000000000
