0000000000000000000000000000
0000000000000000000000000000
0000000000000000000000000000
0000000000000000000000000000
0000111111111111111100000000
0000100000000000000100000000
0000100000000000000100000000
0000100000000000000100000000
0000100000000000000100000000
0000100000000000000100000000
0000010000000000000100000000
0000010000000000000100000000
0000010000000000000100000000
0000010111111111100100000000
0000011000000000000100000000
0000010000000000000100000000
0000010000000000000100000000
0000010000000000000100000000
0000010000000000000100000000
0000010000000000000100000000
0000010000000000000100000000
0000010000000000000100000000
0000010000000111111100000000
0000001111111000000000000000
0000000000000000000000000000
0000000000000000000000000000
0000000000000000000000000000
0000000000000000000000000000
