0000000000000000000000000000
0000000000000000000000000000
0000000000000000000000000000
0000000000000000000000000000
0000000000000000000000000000
0000000000000000000000000000
0000000111111111110000000000
0000000000000000010000000000
0000000100000000010000000000
0000000100000000010000000000
0000000100000000010000000000
0000000100000000010000000000
0000000111111111010000000000
0000000100000000010000000000
0000000100000000100000000000
0000000100000000100000000000
0000001100000000100000000000
0000001000000000100000000000
0000000111111111100000000000
0000000000000000000000000000
0000000000000000000000000000
0000000000000000000000000000
0000000000000000000000000000
0000000000000000000000000000
0000000000000000000000000000
0000000000000000000000000000
0000000000000000000000000000
0000000000000000000000000000
