0000000000000000000000000000
0000000000000000000000000000
0000000000000000000000000000
0000000000000000000000000000
0000000000000000000000000000
0000111111111111111100000000
0000100000000000000100000000
0000010000000000000100000000
0000010000000000000100000000
0000010000000000000100000000
0000010000000000001000000000
0000010000000000001000000000
0000001000000000001000000000
0000001000000000001000000000
0000001111111110001000000000
0000001100000000001000000000
0000000100000000001000000000
0000000100000000001000000000
0000000100000000001000000000
0000000100000000001000000000
0000000100000001110000000000
0000000100011110000000000000
0000000111110000000000000000
0000000000000000000000000000
0000000000000000000000000000
0000000000000000000000000000
0000000000000000000000000000
0000000000000000000000000000
