0000000000000000000000000000
0000000000000000000000000000
0000000000000000000000000000
0000000000000000000000000000
0001111111000000000000000000
0001000001111111100000000000
0001000000000000100000000000
0001000000000000100000000000
0001000000000001100000000000
0001000000000001000000000000
0001000000000001000000000000
0001000000000001000000000000
0001111111111111000000000000
0001000000000011000000000000
0001000000000010000000000000
0001000000000010000000000000
0001000000000010000000000000
0001000000000010000000000000
0001000000000010000000000000
0001111111110010000000000000
0000000000001111110000000000
0000000000000000000000000000
0000000000000000000000000000
0000000000000000000000000000
0000000000000000000000000000
0000000000000000000000000000
0000000000000000000000000000
0000000000000000000000000000
