0000000000000000000000000000
0000000000000000000000000000
0000000000000000000000000000
0000000000000000000000000000
0000001111111111111111100000
0000010000000000000000100000
0000010000000000000000100000
0000010000000000000000100000
0000010000000000000000100000
0000010000000000000000100000
0000010000000000000000100000
0000011000000000000000100000
0000001000000000000000100000
0000001000000000000001100000
0000001001111111111111000000
0000001001000000000001000000
0000001000000000000001000000
0000001000000000000001000000
0000001000000000000001000000
0000001000000000000001000000
0000001000000000000001000000
0000001000000000100001000000
0000001111111111110011000000
0000001000000000011010000000
0000000000000000001110000000
0000000000000000000100000000
0000000000000000000000000000
0000000000000000000000000000
