0000000000000000000000000000
0000000000000000000000000000
0000000000000000000000000000
0000000000000000000000000000
0000001111111111111111000000
0000000100000000000001100000
0000000100000000000000100000
0000000110000000000000100000
0000000010000000000000100000
0000000010000000000000100000
0000000010000000000000110000
0000000010000000000000010000
0000000010000000000000010000
0000000010000000001111010000
0000000011111111111000010000
0000000010000000000000010000
0000000010000000000000010000
0000000010000000000000010000
0000000010000000000000010000
0000000010000000000000010000
0000000011000000000000010000
0000000011111111111111110000
0000000000000000000000010000
0000000000000000000000010000
0000000000000000000000000000
0000000000000000000000000000
0000000000000000000000000000
0000000000000000000000000000
