0000000000000000000000000000
0000000000000000000000000000
0000001111111111111111000000
0000011111111111111111100000
0000011111111111111111100000
0000011100000000000011100000
0000011100000000000011100000
0000011100000000000011100000
0000011100000000000011100000
0000011100000000000011100000
0000011100000000000011100000
0000011111111111111111100000
0000011111111111111111100000
0000011111111111111111100000
0000011100000000000011100000
0000011100000000000011100000
0000011100000000000011100000
0000011100000000000011100000
0000011100000000000011100000
0000011100000000000011100000
0000011100000000000011100000
0000011111111111111111100000
0000011111111111111111100000
0000001111111111111111100000
0000000000000000000000000000
0000000000000000000000000000
0000000000000000000000000000
0000000000000000000000000000
