0000000000000000000000000000
0000000000000000000100000000
0000000000000000011111000000
0000000111000001111110000000
0000000110000101111111000000
0000001111111111101110000000
0000000111111111010110000000
0000001111111010001110000000
0000000111000000001110000000
0000001110000000001110000000
0000000111000000011101000000
0000001110000000001110000000
0000000111000000001100000000
0000001110000000011110000000
0000001110000000001110000000
0000000111000010111110000000
0000001111111101111110000000
0000000111111111111100000000
0000001111101111011110000000
0000001110010000001100000000
0000000111000000011110000000
0000001110000000011100000000
0000001111001011101110000000
0000000111111111111100000000
0000001111111111111110000000
0000000111010100011100000000
0000000000000000000000000000
0000000000000000000000000000
