0000000000000000000000000000
0000000000000000000000000000
0000000000000000000000000000
0000000000000000000000000000
0000000000000000000000000000
0000000000000000000000000000
0000000000000000000000000000
0000000111111111111100000000
0000000100000000000100000000
0000001000000000000100000000
0000001000000000000100000000
0000001000000000000100000000
0000001000000000000100000000
0000001000000000000100000000
0000001000000000000100000000
0000001111111000000100000000
0000001000001100000100000000
0000001000000111111100000000
0000001000000000000100000000
0000001000000000000100000000
0000001000000000000100000000
0000001111111000000100000000
0000000000001111100100000000
0000000000000000000100000000
0000000000000000000000000000
0000000000000000000000000000
0000000000000000000000000000
0000000000000000000000000000
