0000000000000000000000000000
0000000000000000000000000000
0000000011111111111110000000
0000111111111111111111000000
0001111111111111111111000000
0001111110000000000111000000
0001110000000000000111000000
0001111000000000000111000000
0000111000000000000111000000
0000111000000000000111000000
0000111000000000000111000000
0000111000000000000111000000
0000111000000000000111000000
0000111000111111100111000000
0000111001111111110111000000
0000111000111111110111000000
0000111000000000110111000000
0000111000000000000111000000
0000111000000000000111000000
0000111000000000000111000000
0000111000000000000111000000
0000011000000000000111000000
0000001111111111111111000000
0000011111111111111111000000
0000011111111111111111000000
0000000000000000000111000000
0000000000000000000011000000
0000000000000000000000000000
