0000101111111111111100000000
0000100000000000000100000000
0000100000000000000100000000
0000100000000000000100000000
0000100000000000000100000000
0000100000000000000100000000
0000100000000000000100000000
0000100000000000000100000000
0000100000000000000100000000
0000100000111110000100000000
0000100111100000000100000000
0000100100000000000100000000
0000100000000000000100000000
0000100000000000000100000000
0000100000000000000100000000
0000100000000000000100000000
0000100000000000000100000000
0000100000000000000100000000
0000100000000000000110000000
0000100000000000111100000000
0000100000011111000000000000
0000100011100000000000000000
0000001100000000000000000000
0000001000000000000000000000
0000000000000000000000000000
0000000000000000000000000000
0000000000000000000000000000
0000000000000000000000000000
