0000000000000000000000000000
0000000000000000000000000000
0000000000000000000000000000
0000000101101000000000000000
0000000000000010000000000000
0000000000000001000000000000
0000000000000000010000000000
0000000000000000010000000000
0000000100110110000000000000
0000000000000000101000000000
0000000100000000000000000000
0000000000000000000100000000
0000000010000000000000000000
0000000000000000000100000000
0000000010000000000000000000
0000000000001010101000000000
0000000000000000000000000000
0000000000000000010000000000
0000000000000000000000000000
0000000000000000100000000000
0000000000000000000000000000
0000000000000000000000000000
0000000000000000000000000000
0000000000000000000000000000
0000000000000000000000000000
0000000000000000000000000000
0000000000000000000000000000
0000000000000000000000000000
