0000000000000000000000000000
0000000000000000000000000000
0000000000000000000000000000
0000000000000000000000000000
0000000100000000000000000000
0000000111100000000000000000
0000000100011110000000000000
0000000100000010000000000000
0000000100000010000000000000
0000000100000010000000000000
0000000100000010000000000000
0000000100000010000000000000
0000000111111110000000000000
0000000100000010000000000000
0000000110000010000000000000
0000000010000010000000000000
0000000010000010000000000000
0000000010000010000000000000
0000000110000110000000000000
0000000111110010000000000000
0000000110001110000000000000
0000000010000000000000000000
0000000000000000000000000000
0000000000000000000000000000
0000000000000000000000000000
0000000000000000000000000000
0000000000000000000000000000
0000000000000000000000000000
