0000000000000000000000000000
0000000000000000000000000000
0000000000000000000000000000
0000000000000000000000000000
0000000000000000000000000000
0000000000000011111110000000
0000000111111110000010000000
0000000100000000000010000000
0000000100000000000010000000
0000000100000000000010000000
0000000100000000000010000000
0000000100000000000010000000
0000000100000000000010000000
0000000111111111111110000000
0000000100000000000010000000
0000000100000000000010000000
0000000100000000000010000000
0000000100000000000010000000
0000000100000000000010000000
0000000100000000000111000000
0000000101111111111111000000
0000000111000000000011000000
0000000000000000000000000000
0000000000000000000000000000
0000000000000000000000000000
0000000000000000000000000000
0000000000000000000000000000
0000000000000000000000000000
