0000000000000000000000000000
0000000000000000000000000000
0000000000000000000000000000
0000000000000000000000000000
0000000000000000000000000000
0000000000111111111110000000
0000000001100000000010000000
0000000001000000000010000000
0000000001000000000010000000
0000000001000000000010000000
0000000001000000000010000000
0000000001000000000010000000
0000000001111110000010000000
0000000001000000000010000000
0000000001000000000010000000
0000000001000000000010000000
0000000001000000000010000000
0000000001000000000010000000
0000000001000000000010000000
0000000001111111111111100000
0000000001000000000010000000
0000000000000000000000000000
0000000000000000000000000000
0000000000000000000000000000
0000000000000000000000000000
0000000000000000000000000000
0000000000000000000000000000
0000000000000000000000000000
