0000000000000000000000000000
0000000000000000000000000000
0000000000000000000000000000
0000000000000000000000000000
0000000000000000000000000000
0000000000000000001111000000
0000000000000011110001100000
0000000000001100000000100000
0000000000110000000000100000
0000000001000000000000100000
0000000010000000000000100000
0000000100000000000000100000
0000000100000000000000100000
0000000100000011111111100000
0000000100001100000011100000
0000000100000000000000100000
0000000100000000000000100000
0000000100000000000000100000
0000000100000000000111100000
0000000100000001111001100000
0000000100001110000000000000
0000000000000000000000000000
0000000000000000000000000000
0000000000000000000000000000
0000000000000000000000000000
0000000000000000000000000000
0000000000000000000000000000
0000000000000000000000000000
