0000000000000000000000000000
0000000000000000000000000000
0000000000000000000000000000
0000000000000000011110000000
0000000111111111110010000000
0000000000000000000010000000
0000000000000000000010000000
0000100000000000000010000000
0000100000000000000010000000
0000110000000000000010000000
0000010000000000000010000000
0000010000000000000010000000
0000001000000010000010000000
0000001100000110000010000000
0000000101111100000010000000
0000000100000000000010000000
0000000100000000000010000000
0000000100000000000010000000
0000000100000000000010000000
0000000100000000000010000000
0000000100000000000010000000
0000000100000000000010000000
0000000100000000000010000000
0000000101111111111110000000
0000000000000000000010000000
0000000000000000000010000000
0000000000000000000010000000
0000000000000000000000000000
