0000000000000000000000000000
0000000000000000000000000000
0000000000000000000000000000
0000000000000000000000000000
0000001111111111111100000000
0000001000000000000100000000
0000001000000000000100000000
0000001000000000000100000000
0000001000000000000100000000
0000001000000000000100000000
0000001000000000000100000000
0000001000000000000100000000
0000001110000000000100000000
0000001111111111111100000000
0000001000000000000100000000
0000001000000000000100000000
0000001000000000000100000000
0000001000000000000100000000
0000001000000000000100000000
0000001000000000000100000000
0000001000000000000100000000
0000001110000000111100000000
0000000011111111100000000000
0000000000000000000000000000
0000000000000000000000000000
0000000000000000000000000000
0000000000000000000000000000
0000000000000000000000000000
