0000000000000000000000000000
0000000000000000000000000000
0000000000111111111111100000
0000000011111111111111110000
0000000111111111111111110000
0000000111000000000001110000
0000000111000000000001110000
0000000111000000000001110000
0000000111000000000001110000
0000000111000000000001110000
0000000111000000000001110000
0000000111111111111111110000
0000000111111111111111110000
0000000111111111111111110000
0000000111000000000001110000
0000000111000000000001110000
0000000111000000000001110000
0000000111000000000001110000
0000000111000000000001110000
0000000111100000000001110000
0000000111111111111111110000
0000000011111111111111110000
0000000001111111111111110000
0000000000000000000000000000
0000000000000000000000000000
0000000000000000000000000000
0000000000000000000000000000
0000000000000000000000000000
