0000000000000000000000000000
0000000000000000000000000000
0000000000000000000000000000
0000000000000000000000000000
0000000000000000000000000000
0000000000000000000000000000
0000011111111111000000000000
0000011000000001000000000000
0000001000000001000000000000
0000001000000001000000000000
0000001000000001000000000000
0000001000000001000000000000
0000001111111111000000000000
0000001000000001000000000000
0000001000000001000000000000
0000001000000001000000000000
0000001000000001000000000000
0000001000000001000000000000
0000001111111111000000000000
0000000000000001000000000000
0000000000000000000000000000
0000000000000000000000000000
0000000000000000000000000000
0000000000000000000000000000
0000000000000000000000000000
0000000000000000000000000000
0000000000000000000000000000
0000000000000000000000000000
