0000000000000000000000000000
0000000000000000000000000000
0000000000000000000000000000
0000000100101001000100000000
0010101001001010100100100000
0000100100100100010010000000
0001000000000000000001000000
0000100000000000000010100000
0010010000000000000001000000
0001000000000000000100000000
0000100000000000000010100000
0001010000000000000010000000
0001000000000000000101000000
0000100100101010000101000000
0010001001001001000110000000
0001000100100100000101000000
0010000000000000001010000000
0100100000000000000101000000
0010000000000000000101000000
0001000000000000000110000000
0010000000000000000010000000
0001000000000000000100000000
0000101010101000101000000000
0001000101000101000000000000
0000101000101000101010000000
0000000000000000000000000000
0000000000000000000000000000
0000000000000000000000000000
