0000000000000000000000000000
0000000000000000000000000000
0000000000000000000000000000
0000000000000000000000000000
0000000000000000000000000000
0000000000000000000000000000
0000001111111100000000000000
0000001000000011110000000000
0000001000000000010000000000
0000001000000000010000000000
0000001000000000010000000000
0000010000000000010000000000
0000010111111111110000000000
0000010000000000010000000000
0000010000000000010000000000
0000010000000000010000000000
0000010000000000010000000000
0000010111111111010000000000
0000000000000000000000000000
0000000000000000000000000000
0000000000000000000000000000
0000000000000000000000000000
0000000000000000000000000000
0000000000000000000000000000
0000000000000000000000000000
0000000000000000000000000000
0000000000000000000000000000
0000000000000000000000000000
