0000000000000000000000000000
0000000000000000000000000000
0000000000000000000000000000
0000000011111111111111111000
0000000010000000000000001000
0000000010000000000000001000
0000000010000000000000001000
0000000010000000000000011000
0000000010000000000000010000
0000000010000000000000010000
0000000010000000000000010000
0000000010000000000000010000
0000000010000000000000010000
0000000010000000000111010000
0000000011111111111100010000
0000000010000000000000010000
0000000010000000000000010000
0000000010000000000000010000
0000000010000000000000010000
0000000010000000000000010000
0000000010000000000000110000
0000000010000000000000100000
0000000010000000000000100000
0000000011111111111111100000
0000000000000000000000000000
0000000000000000000000000000
0000000000000000000000000000
0000000000000000000000000000
