0000000000000000000000000000
0000000000000000000000000000
0000000000000000000000000000
0000000001111111100000000000
0001111111111111111000000000
0011111111111111111000000000
0011111111000000111000000000
0001110000000000111000000000
0001110000000000111000000000
0001110000000000111000000000
0001110000000000111000000000
0001110000000000111000000000
0001111111111111111000000000
0001111111111111111000000000
0001111111111111111000000000
0001110000000000111000000000
0001110000000000111000000000
0001110000000000111000000000
0001110000000000111000000000
0001111111111111111000000000
0000111111111111111000000000
0000111111111111110000000000
0000000000000000000000000000
0000000000000000000000000000
0000000000000000000000000000
0000000000000000000000000000
0000000000000000000000000000
0000000000000000000000000000
