0000000000000000000000000000
0000000000000000000000000000
0000000000000000000000000000
0000000000000000000000000000
0000010111111111111110000000
0000011000000000000010000000
0000001000000000000010000000
0000001000000000000010000000
0000001000000000000010000000
0000001000000000000010000000
0000001000000000000010000000
0000001000000000110010000000
0000001011111111000010000000
0000001110000000000010000000
0000001000000000000010000000
0000001000000000000010000000
0000001000000000000010000000
0000001000000000000010000000
0000001000000000000010000000
0000001000000000000010000000
0000001000000000000010000000
0000001000000000000010000000
0000001000000000000010000000
0000011111111111111100000000
0000000000000000000000000000
0000000000000000000000000000
0000000000000000000000000000
0000000000000000000000000000
