0000000000000000000000000000
0000000000000000000000000000
0000000000000000000000000000
0000000000000000000000000000
0000000000000000000000000000
0000000000000000000000000000
0011111111111111100000000000
0011111111111111100000000000
0011100000000011000000000000
0011100000000011100000000000
0011100000000011100000000000
0011100000000011000000000000
0011111111111111100000000000
0011111111111111100000000000
0011100000000011000000000000
0001100000000011100000000000
0011100000000011100000000000
0011100000000011000000000000
0011100000000011100000000000
0011111111111111100000000000
0011111111111111000000000000
0011100000000011100000000000
0000000000000000000000000000
0000000000000000000000000000
0000000000000000000000000000
0000000000000000000000000000
0000000000000000000000000000
0000000000000000000000000000
