0000000000000000000000000000
0000000000000000000000000000
0000000000000000111111100000
0000000111111111100000100000
0000001000000000000000100000
0000001000000000000000100000
0000001000000000000000100000
0000001000000000000000100000
0000001000000000000000100000
0000001000000000000000100000
0000001000000000000000100000
0000001000000000000000100000
0000001001111111110000100000
0000000100000000000000100000
0000000100000000000000100000
0000000100000000000000100000
0000000100000000000000100000
0000000100000000000000100000
0000000100000000000000100000
0000000100000000000000100000
0000000000000000000000100000
0000000000000000011100100000
0000000011111111100000100000
0000000000000000000000100000
0000000000000000000000000000
0000000000000000000000000000
0000000000000000000000000000
0000000000000000000000000000
