0000000000000000000000000000
0000000000000000000000000000
0000000000000000000000000000
0000111111100000000000000000
0000100000011111111000000000
0001000000000000001110000000
0001000000000000000010000000
0001000000000000000010000000
0001000000000000000010000000
0001000000000000000010000000
0001000000000000000010000000
0001000000000000000010000000
0001000000000000000010000000
0001100000011111111110000000
0000100000000000000010000000
0000100000000000000010000000
0000100000000000000010000000
0000100000000000000010000000
0000100000000000000010000000
0000100000000000000010000000
0000000001111111111111100000
0000000000000000000010000000
0000000000000000000010000000
0000000000000000000010000000
0000000000000000000000000000
0000000000000000000000000000
0000000000000000000000000000
0000000000000000000000000000
