0000000000000000000000000000
0000000000000000000000000000
0000101010101010000000000000
0000100000000010000000000000
0000100000000010000000000000
0000100000000010000000000000
0000100000000010000000000000
0000100000000010000000000000
0000110101010110000000000000
0000100000000010000000000000
0000100000000010000000000000
0000100000000010000000000000
0000100000000010000000000000
0000100000000010000000000000
0000100000000010000000000000
0000110101010110000000000000
0000100000000010000000000000
0000100000000010000000000000
0000000000000000000000000000
0000000000000000000000000000
0000000000000000000000000000
0000000000000000000000000000
0000000000000000000000000000
0000000000000000000000000000
0000000000000000000000000000
0000000000000000000000000000
0000000000000000000000000000
0000000000000000000000000000
