0000000000000000000000000000
0000000000000000000000000000
0000000000000000000000000000
0000000000000000000000000000
0000000000000000100000000000
0000111111111111100000000000
0000110000000000100000000000
0000010000000000100000000000
0000010000000000100000000000
0000010000000000100000000000
0000010000000000100000000000
0000010000000000100000000000
0000010111111100100000000000
0000010100000000100000000000
0000010000000000100000000000
0000010000000000100000000000
0000010000000000100000000000
0000010000000000100000000000
0000010000000000100000000000
0000010000000000100000000000
0000000000000000100000000000
0000001111111111100000000000
0000011000000000100000000000
0000000000000000000000000000
0000000000000000000000000000
0000000000000000000000000000
0000000000000000000000000000
0000000000000000000000000000
