0000000000000000000000000000
0000000000000000000000000000
0000000000000000000000000000
0000000000000000000000000000
0000000000000000000000000000
0000000000000000000000000000
0001111111111111000000000000
0000100000000001000000000000
0001000000000001000000000000
0000100000000011000000000000
0001000000000001000000000000
0001100000000001000000000000
0000111111111111000000000000
0001000000000001000000000000
0000100000000001000000000000
0001100000000010000000000000
0000100000000001000000000000
0001000000000001000000000000
0000100000000011000000000000
0001111111111111000000000000
0000100000000001000000000000
0001000000000001000000000000
0000000000000000000000000000
0000000000000000000000000000
0000000000000000000000000000
0000000000000000000000000000
0000000000000000000000000000
0000000000000000000000000000
