0000000000001111111111110000
0000000011111111111111111110
0000011111111111111111111111
0000111111111111111111111111
0001111111111111111111111111
0011111111010101010111111111
0111111100000000000010111111
1111110000000000000001111111
0111111000000000000000111111
1111110000000000000000011111
0111110000000000000000011111
1111100000000011111100001111
1111110011111111111111111111
1111111111111111111111111111
1111111111111111111111111111
1111111111111111111111111111
1111111111101011111111111111
1111111010000001010101001111
1111110000000000000000011111
0111111000000000000000001111
1111110000000000000000011111
1111111000000000000000001111
1111110000000000000000011111
1111111111111111111111011111
1111111111111111111111111111
1111111111111111111111111111
1111111111111111111111111110
1111111111111111111111111100
