0000000000000000000000000000
0000000000000000000000000000
0000000000000000000000000000
0000000000000000000000000000
0000000000000000000000000000
0000000000000111100000000000
0000011111111000110000000000
0000010000000000011000000000
0000010000000000001000000000
0000010000000000001000000000
0000010000000000001000000000
0000010000000000001000000000
0000010000000000001000000000
0000010000000000001000000000
0000111111111111101000000000
0000100000000000001000000000
0000100000000000001000000000
0000100000000000010000000000
0000100000000000010000000000
0000100000000000010000000000
0000100000000000010000000000
0000000000000000010000000000
0000011111111111110000000000
0000000000000000000000000000
0000000000000000000000000000
0000000000000000000000000000
0000000000000000000000000000
0000000000000000000000000000
