0000000000000000000000000000
0000000000000000000000000000
0000000000000000000000000000
0000000000000011111000000000
0000000000011110001100000000
0000010011110000000100000000
0000011100000000000100000000
0000001000000000000100000000
0000001000000000000100000000
0000001000000000000100000000
0000001000000000000100000000
0000001000000000000100000000
0000001000000000000100000000
0000000100000000000100000000
0000000100000000000100000000
0000000100000000000100000000
0000000110000111111100000000
0000000011111000000100000000
0000000010000000000100000000
0000000010000000000100000000
0000000011000000000100000000
0000000001000000000100000000
0000000001000000000010000000
0000000001000000000000000000
0000000000000000001111110000
0000000000000111110000000000
0000000000011000000000000000
0000000000000000000000000000
