0000000000000000000000000000
0000000000000000000000000000
0000000000000000000000000110
0000000000000000000111101010
0000011111111111111001110010
0001100000000000000110100010
0000000000000000011000100010
0000100000000001100000100010
0000100000000010000000100010
0000010000000100000000100010
0000010000001000000000100000
0000010000010000000000100000
0000010000010000000000100000
0000001000100000000000100000
0000001001000000000000100000
0000011110000000000000100000
0000011000000000000000100000
0000111000000000000000100000
0000111000000000000000010000
0000011000000000000000010000
0000011000000000000000010000
0000001000000000000000010000
0000001000000000000000010000
0000001000000000000000001000
0000001000000000000000000000
0000001011111111111111111000
0000001000000000000000000000
0000001000000000000000000000
