0000000000000000000000000000
0000000000000000000000000000
0000000000000000001111111110
0000001111111111110000000010
0000001000000000000000000010
0000001000000000000000000010
0000001000000000000000000010
0000001000000000000000000010
0000001000000000000000000010
0000001000000000000000000010
0000001000000000000000000001
0000001000000000000000000001
0000001000000000000000000001
0000001000000000000000000001
0000001000000000000000000001
0000001000000000000000011111
0000001111111111111111110001
0000001000000000000000000001
0000001000000000000000000001
0000001000000000000000000001
0000001000000000000000000001
0000001000000000000000000001
0000001000000000000000000001
0000001000000000000000000001
0000001000000000000000000001
0000011000000000000000000001
0000011111111111111111111111
0000000000000000000000000000
