0000000000000000000000000000
0000000000000000000000000000
0000000000000000000000000000
0000000000000000000000000000
0000000000000000000000000000
0000000000000000000000000000
0000000000000001111000000000
0000000000001110001100000000
0000000000110000000100000000
0000000001000000000100000000
0000000001000000000010000000
0000000001000000000010000000
0000000001111111111110000000
0000000000100000000110000000
0000000000100000000010000000
0000000000100000000010000000
0000000000100000000010000000
0000000000100000000010000000
0000000000100000000110000000
0000000000100011111110000000
0000000000000110000000000000
0000000000000000000000000000
0000000000000000000000000000
0000000000000000000000000000
0000000000000000000000000000
0000000000000000000000000000
0000000000000000000000000000
0000000000000000000000000000
