0000000000000000000000000000
0000000000000000000000000000
0000000000000000000000000000
0000000000000000000000000000
0000011111000000000000000000
0000100001111111100000000000
0000100000000000100000000000
0000100000000000100000000000
0000100000000000100000000000
0000100000000000100000000000
0000100000000000100000000000
0000100000000000100000000000
0000100000000000100000000000
0000101111111111100000000000
0000100000000000100000000000
0000100000000001000000000000
0000100000000001000000000000
0000100000000001000000000000
0000100000000001000000000000
0000100111111111100000000000
0000100000000001000000000000
0000000000000001000000000000
0000000000000000000000000000
0000000000000000000000000000
0000000000000000000000000000
0000000000000000000000000000
0000000000000000000000000000
0000000000000000000000000000
