0000000000000000000000000000
0000000000000000000000000000
0000000000000000000000000000
0000000000000000111100000000
0000010000000111000100000000
0000010001111100000100000000
0000011111000000000100000000
0000010000000000000100000000
0000010000000000000100000000
0000010000000000000100000000
0000010000000000000100000000
0000010000000000000100000000
0000010000000000000100000000
0000010000000000000100000000
0000011111111111110100000000
0000010000000000000100000000
0000010000000000000100000000
0000010000000000000100000000
0000010000000000000100000000
0000010000000000000100000000
0000010000000000000100000000
0001110000000000000100000000
0000001111111111111111000000
0000000000000000000100000000
0000000000000000000100000000
0000000000000000000000000000
0000000000000000000000000000
0000000000000000000000000000
