0000000000000000000000000000
0000000000000000000000000000
0000000000000000000000000000
0000000000000000000000000000
0000000000000000000000000000
0000000011111111000000000000
0000000010000001000000000000
0000000010000001000000000000
0000000010000001000000000000
0000000010000001000000000000
0000000010000001000000000000
0000000011111101000000000000
0000000010000001000000000000
0000000010000001000000000000
0000000010000001000000000000
0000000010000001000000000000
0000000011111111000000000000
0000000000000000000000000000
0000000000000000000000000000
0000000000000000000000000000
0000000000000000000000000000
0000000000000000000000000000
0000000000000000000000000000
0000000000000000000000000000
0000000000000000000000000000
0000000000000000000000000000
0000000000000000000000000000
0000000000000000000000000000
