0000000000000000000000000000
0000000000000000000000000000
0000000000000000000000000000
0000000000000000000000000000
0000000000000000000000000000
0000000000000000000000000000
0000000000000000000000000000
0000000000000000000000000000
0000000000000000000000000000
0000000000000000000000000000
0000000000000011111000000000
0000000000101111111100000000
0000000000101111111100000000
0000000000101110001100000000
0000000000100000001100000000
0000000000110000001100000000
0000000000100000001100000000
0000000000110111101100000000
0000000000100111101100000000
0000000000100111101100000000
0000000000110001101100000000
0000000000100000001100000000
0000000000110000001100000000
0000000000100000001100000000
0000000000100000001100000000
0000000011110000001100000000
0000000011111100001000000000
0000000011111111111100000000
