0000000000000000000000000000
0000000000000000000000000000
0000000000000000000000000000
0000000000000000000000000000
0001111111111111111100000000
0011111111111111111100000000
0011111111111111111100000000
0011100000000000011100000000
0011100000000000011100000000
0011100000000000011100000000
0011100000000000011100000000
0011100000000000011100000000
0011100000000000011100000000
0011111100000000011100000000
0011111111111111111100000000
0011111111111111111100000000
0011100111111111111100000000
0011100000000000111100000000
0011100000000000011100000000
0011100000000000011100000000
0011100000000000011100000000
0011100000000001111100000000
0011111111111111111100000000
0001111111111111111000000000
0000011111111111100000000000
0000000000000000000000000000
0000000000000000000000000000
0000000000000000000000000000
