0000000000000000000000000000
0000000000000000000000000000
0000000000000000000000000000
0000010001111000000000000000
0000011111001110000000000000
0000010000000010000000000000
0000010000000010000000000000
0000010000000010000000000000
0000010000000010000000000000
0000010000000010000000000000
0000010000000010000000000000
0000010000000010000000000000
0000011110011110000000000000
0000011011110010000000000000
0000010000000010000000000000
0000010000000010000000000000
0000010000000010000000000000
0000010000000010000000000000
0000010000000010000000000000
0000010000000010000000000000
0000010000000010000000000000
0000010000000010000000000000
0000010001111110000000000000
0000011111000000000000000000
0000000000000000000000000000
0000000000000000000000000000
0000000000000000000000000000
0000000000000000000000000000
