0000000000000000000000000000
0000000000000000000000000000
0000000000000000000000000000
0000000000000001111100000000
0000000000000110000010000000
0000000010011000000010000000
0000000011100000000010000000
0000000010000000000100000000
0000000010000000000100000000
0000000010000000000100000000
0000000010000000001000000000
0000000010000000001000000000
0000000010111111111000000000
0000000010000000011100000000
0000000010000000010000000000
0000000010000000010000000000
0000000100000000000000000000
0000000100000000000000000000
0000000100000001000000000000
0000000001111111100000000000
0000000010000000000000000000
0000000000000000000000000000
0000000000000000000000000000
0000000000000000000000000000
0000000000000000000000000000
0000000000000000000000000000
0000000000000000000000000000
0000000000000000000000000000
