0000000000000000000000000000
0000011111111111110000000000
0000110000000000010000000000
0000000000000000010000000000
0000100000000000010000000000
0000100000000000010000000000
0000100000000000010000000000
0000100000000000010000000000
0000100000000000010000000000
0000100000000000110000000000
0000100000000000100000000000
0000111111111111100000000000
0000100000000000100000000000
0000100000000001100000000000
0000100000000001000000000000
0000100000000001000000000000
0000100000000001000000000000
0000100000000010000000000000
0000100000000010000000000000
0000111111111111000000000000
0000000000000010000000000000
0000000000000010000000000000
0000000000000000000000000000
0000000000000000000000000000
0000000000000000000000000000
0000000000000000000000000000
0000000000000000000000000000
0000000000000000000000000000
