0000000000000000000000000000
0000000000000000000000000000
0001111111111111111110000000
0001111111111111111111000000
0001111111111111111111000000
0001111000000000000111000000
0000111000000000000111000000
0000111000000000000111000000
0000111000000000000111000000
0000111000000000000111000000
0000111000000000000111000000
0000111000000000000111000000
0001111000000000000111000000
0001111111111111000111000000
0001111111111111110111000000
0001111111111111111111000000
0001110000000001111111000000
0001110000000000000111000000
0001110000000000000111000000
0001110000000000000111000000
0001110000000000000111000000
0011110000000000000111000000
0001111111111111111111000000
0000111111111111111111000000
0000111111111111111111000000
0000000000000000000000000000
0000000000000000000000000000
0000000000000000000000000000
