0000000000000000000000000000
0000000000000000000000000000
0000000000000000000000000000
0000000000000000000000000000
0000000000000000000000000000
0000011111111110000000000000
0000010000000010000000000000
0000010000000010000000000000
0000010000000010000000000000
0000010000000010000000000000
0000010000000010000000000000
0000011111111010000000000000
0000010000000010000000000000
0000010000000010000000000000
0000010000000010000000000000
0000010000000010000000000000
0000001000000010000000000000
0000001000000010000000000000
0000001000000010000000000000
0000001000000011000000000000
0000001000000000000000000000
0000001111111111000000000000
0000000000000000000000000000
0000000000000000000000000000
0000000000000000000000000000
0000000000000000000000000000
0000000000000000000000000000
0000000000000000000000000000
