0000000000000000000000000000
0000000000000000000000000000
0000000000000000000000000000
0000000000000000000000000000
0000000011111111111110000000
0000000010000000000011000000
0000000010000000000001000000
0000000010000000000000100000
0000000010000000000000100000
0000000010000000000000100000
0000000010000000000000100000
0000000010000000000000100000
0000000010000000000000100000
0000000010000000000000100000
0000000010000000000000100000
0000000011111111111100100000
0000000010000000000000100000
0000000010000000000000100000
0000000010000000000000100000
0000000010000000000000100000
0000000010000000000000100000
0000000010000000000000100000
0000000011111111111111100000
0000000000000000000001100000
0000000000000000000000000000
0000000000000000000000000000
0000000000000000000000000000
0000000000000000000000000000
