0000000000000000000000000000
0000000000000000000000000000
0000000011111111111111000000
0000011100000000000001000000
0000010000000000000001000000
0000010000000000000001000000
0000010000000000000001000000
0000010000000000000001000000
0000010000000000000001000000
0000010000000000000001000000
0000010000000000000001000000
0000010000000000000001000000
0000010000000000001001100000
0000011111111111111000100000
0000010000000000000000100000
0000010000000000000000100000
0000010000000000000000100000
0000010000000000000000100000
0000010000000000000000100000
0000010000000000000000100000
0000010000000000000000100000
0000011001111111111111100000
0000001110000000000000000000
0000000000000000000000000000
0000000000000000000000000000
0000000000000000000000000000
0000000000000000000000000000
0000000000000000000000000000
