0000000000000000000000000000
0000000000000000000000000000
0000000000000000000000000000
0000000000000000000000000000
0000000000001111111111110000
0000000000001111111111111000
0000000000001111111111110000
0000000000001100000000111000
0000000000001100000000011000
0000000000001100000000010000
0000000000001100000000011000
0000000000001100000000011000
0000000000001100000000110000
0000000000001100000000111000
0000000000001100000000110000
0000000000001101111111111000
0000000000001100111111111000
0000000000001101111111110000
0000000000001100000001100000
0000000000001100000001110000
0000000000011100000000000000
0000000000001100000000000000
0000000000011111111100000000
0000000000011111111111111100
0000000000000111111111111100
0000000000000000001111111100
0000000000000000000000000000
0000000000000000000000000000
