0000000000000000000000000000
0000000000000000000000000000
0000000000000000000000000000
0000000000000000000000000000
0000000000000000000000000000
0000000000001010101000000000
0000000000000000000000000000
0000000001000000000100000000
0000000000000000000000000000
0000000010000000000100000000
0000000000000000000000000000
0000000010000000000100000000
0000000010000000000000000000
0000000000010101010000000000
0000000010000000001000000000
0000000010000000000100000000
0000000010000000000000000000
0000000010000000001000000000
0000000000000000000000000000
0000000010000000000100000000
0000000010000000000000000000
0000000000010111001100000000
0000000000000000000000000000
0000000000000000000000000000
0000000000000000000000000000
0000000000000000000000000000
0000000000000000000000000000
0000000000000000000000000000
