1111111100000000000110011111
1111111111000000111011001111
1111111100100011000100001111
1111111100110000000011101111
1111111111000000111000011111
1111111110001100000101100110
1111111100011000001000011011
1111111100011001000100100100
1111111101110111111001000010
1111111101000010001000000001
1111111101010010001001000101
1111111101000011101000100000
1111111111011100001000000000
1111111101000100101010111000
1111111101000001101000010000
1111111110111011101000001100
1111111101010010111000001011
1111111100101010101010001100
1111111100100010001110111111
1111111110100010001000101111
1111111110001101100001001111
1111111101000100110000001111
1111111100000010000001001111
1111111110110111011101101111
1111111101001000110011011111
1111111110110111011101101111
1111111111111111111111111111
1111111111111111111111111111
