0101000101001111111001001111
0000000000100000110000011111
0100100011100001000000101111
1001010000000110100100101111
0001010000000000000010001111
0100100000000000001000001111
0010001000011111000000101111
1001000111110101111000001111
1100000100000000001000001111
0000010101101011001000001111
0110000101001011100110011111
1001001010100100101000001111
1000100010010101001001001111
0010000011010110101010011111
0110010010000000101000001111
0000110010001011101010001111
0100001010000000001000001111
1001100011001110001000001111
0000001010000000001010001111
0010011011111101000010101111
1000001000101010000000001111
1011101000101000001000001111
0010001000010000100000001111
0110101011000111001101001111
1011111100111000111010111111
0110101011010111101101001111
1111111111111111111111111111
1111111111111111111111111111
