0000000000000000000000000000
0000000000000000000000000000
0000000000000000000000000000
0000000000000000000000000000
0000000000111111111110000000
0000111111111111111111000000
0000111111111111111111000000
0000111111100000001111000000
0000111000000000001110000000
0000111000000000001110000000
0000111000000000001110000000
0000111000000000001110000000
0000111111111100001110000000
0000111111111111001110000000
0000111111111111101110000000
0000111000000111111110000000
0000111000000011111110000000
0000111000000000001110000000
0000111000000000001110000000
0000111111111111111110000000
0000011111111111111111000000
0000011111111111111111000000
0000000000000000000000000000
0000000000000000000000000000
0000000000000000000000000000
0000000000000000000000000000
0000000000000000000000000000
0000000000000000000000000000
