0000000000000000000000000000
0000000000000000000000000000
0000000000000000000000000000
0000000000000000000000000000
0000000000000000000000000000
0000000000000000000000000000
0000000111111111111111100000
0000001000000000000000100000
0000001000000000000000100000
0000001000000000000000100000
0000001000000000000000100000
0000001000000000000000010000
0000001000000000000011010000
0000001000111111111110010000
0000001000000000000000010000
0000001000000000000000010000
0000001000000000000000010000
0000001000000000000000010000
0000001000000000000000010000
0000001000000000000000010000
0000001000000000000000010000
0000001000000000000000010000
0000000100000011111111010000
0000000100001100000000010000
0000000101110000000000010000
0000000111000000000000010000
0000000100000000000000010000
0000000100000000000000000000
