0000000000000000000000000000
0000000000000000000000000000
0000000000000000000000000000
0000000000000000000000000000
0000001111111111111110000000
0000000000000000000010000000
0000110000000000000010000000
0000010000000000000010000000
0000010000000000000010000000
0000010000000000000010000000
0000010000000000000010000000
0000011000111111111110000000
0000001111100000000010000000
0000001000000000000010000000
0000001000000000000010000000
0000001000000000000010000000
0000001000000000000010000000
0000001000000000000010000000
0000000000000000000010000000
0000001111111111111110000000
0000000000000000000010000000
0000000000000000000000000000
0000000000000000000000000000
0000000000000000000000000000
0000000000000000000000000000
0000000000000000000000000000
0000000000000000000000000000
0000000000000000000000000000
