0000000000000100100100000000
0000000000111011011011010000
0000000001010110111111100000
0000000101011011111001110000
0001110011111100101010111000
0010100011010101001001010000
0011111000101000000110100000
0011010000000000000010010000
0101101000100000001011101000
0110111000000000000101100000
0001101000000000000011110000
0101010000101010001111001000
0011101001010111000101010000
0111100010101101001011000000
0111010011110110001111001000
0001100010111010001011000000
0111010001010101001101010000
0111000000000100000010100000
1011100000100000000100100000
0111000000000000001011010000
1001000000000000100111100000
0100101010101010011110100000
0001001111101011110101000000
0001010101011110111000000000
0001111101011110111010000000
0000110110110100010100000000
0000011010001010000100000000
0000100010100001000010000000
