0000000000000000000000000000
0000000000000000000000000000
0000000000000000000000000000
0000000000000000000000000000
0000010000111111111000000000
0000111111111111111100000000
0000111111111111111100000000
0000111111110000011110000000
0001111000000000001110000000
0001111000000000001110000000
0001110000000000001110000000
0001110000000000001110000000
0001110000000000001110000000
0001110000000000001111000000
0001110111111111001111000000
0001111111111111100111000000
0001110111111111100111000000
0001110000000000000111000000
0001110000000000000111000000
0001110000000000000111000000
0001110000000000000111000000
0001110000000000000111000000
0001111111111111100111000000
0000111111111111110111000000
0000001111111111110111000000
0000000000000000000111000000
0000000000000000001111100000
0000000000000000000111100000
