0101010100101010101010101010
0100100010100100010010010010
0101010101010011001010101010
0100100100010100101001010101
0101010010101010101010100100
0100010101000100101010010101
0101010010101010011001010010
0101001000100101011101010101
0100100101101011111010101010
0010101010111111101101001001
1010010011100000101010101010
0101001010110110011101010101
0010100101101001010100100100
1000010011010101011101010101
0101010101110101110101010010
0101001001011111101101001010
0100100101000100101100101010
0010101001110010101101010101
1010010101010101011101010010
0101000011101010100010010100
0000101001111111111010101010
1010101010100000001010100101
0101001001010110101001010010
0100100100101001010100101001
0010010101001010100101001010
1010100100100100101010101001
0100101010010101001001001010
0010010001010010100100101001
