0000000000000000000000000000
0000000000000000000000000000
0000000000000000000000000000
0000000000000000000000000000
0000000000000000000000000000
0000000010000000000000000000
0000000111111111000000000000
0000000111111111100000000000
0000001111111111110000000000
0000001111000001111000000000
0000001110000001111000000000
0000001110000000111000000000
0000001110000000111000000000
0000001110000000111100000000
0000001110000000011100000000
0000001111111110011100000000
0000001111111111111100000000
0000001111111111111100000000
0000001110000000111000000000
0000001110000011111000000000
0000001111111111110000000000
0000000111111111110000000000
0000000001111111110000000000
0000000000000000000000000000
0000000000000000000000000000
0000000000000000000000000000
0000000000000000000000000000
0000000000000000000000000000
