0000000000000000000000000000
0000000000000000000000000000
0000000000000000000000000000
0000000000000000000000000000
0000000000000000000000000000
0000000000000000000000000000
0000000011111111100000000000
0000000010000000100000000000
0000000010000000100000000000
0000000010000000100000000000
0000000010000000100000000000
0000000010000000100000000000
0000000011111111100000000000
0000000011000000100000000000
0000000010000000100000000000
0000000010000000100000000000
0000000010000000100000000000
0000000010000000100000000000
0000000010000000100000000000
0000000010000000000000000000
0000000001111111000000000000
0000000000000000000000000000
0000000000000000000000000000
0000000000000000000000000000
0000000000000000000000000000
0000000000000000000000000000
0000000000000000000000000000
0000000000000000000000000000
