0000000000000000000000000000
0000000000000000000000000000
0000000000000000000000000000
0000000000000000000001111000
0000000000000001111111111100
0000000000001111111111111100
0000000000111111111111111100
0000000001111111000000011100
0000000001110000000000011100
0000000001110000000000011100
0000000001110000000000011100
0000000001110000000111111100
0000000001110111111111111100
0000000001111111111111111100
0000000001110111111110011100
0000000001110000000000011100
0000000001110000000000011100
0000000001110000000000011100
0000000001110000000000011100
0000000001110000000000011100
0000000001110000000000011100
0000000001110000000000001100
0000000001110000000001111000
0000000001111111111111111100
0000000000111111111111111100
0000000000111111111111100000
0000000000111100000000000000
0000000000000000000000000000
