0000000000000000000000000000
0000000000000000000000000000
0000000000000000000000000000
0000000010010010101000000000
0000001101101101010100000000
0000001000000000000100000000
0000001000000000000100000000
0000001000000000000100000000
0000001000000000000010000000
0000000100101010100010000000
0000000100101010100010000000
0000000100000000000010000000
0000000100000000000010000000
0000000100000000000001000000
0000000100000000000001000000
0000000100000000000001000000
0000000100000000001001000000
0000000100000000001101000000
0000011111111111100011000000
0000000000000000000000000000
0000000000000000000000000000
0000000000000000000000000000
0000000000000000000000000000
0000000000000000000000000000
0000000000000000000000000000
0000000000000000000000000000
0000000000000000000000000000
0000000000000000000000000000
