0000000000000000000000000000
0000000000000000000000000000
0000000000000000000000000000
0000111111000000000000000000
0000100001111111111111100000
0000100000000000000000100000
0000100000000000000000100000
0000100000000000000000100000
0000110000000000000000100000
0000010000000000000000100000
0000010000000000000000100000
0000010000000000000000100000
0000010000000000000000100000
0000010000000000000000100000
0000011111111111111111100000
0000010000000000000001100000
0000010000000000000000100000
0000010000000000000000100000
0000010000000000000000100000
0000010000000000000000100000
0000010000000000000000100000
0000011111111111111111110000
0000000000000000000000000000
0000000000000000000000000000
0000000000000000000000000000
0000000000000000000000000000
0000000000000000000000000000
0000000000000000000000000000
