0000000000000000000000000000
0000000000000000000000000000
0000000000000000000000000000
0000000000000000000000000000
0000000000000000000000000000
0000000000001001001000000000
0000000000000000000000000000
0000000010000000000100000000
0000000000000000000000000000
0000000010000000000100000000
0000000000000000000000000000
0000000010000000000100000000
0000000000000010100100000000
0000000010010000000100000000
0000000000000000000000000000
0000000010000000000010000000
0000000000000000000000000000
0000000010000000000010000000
0000000000000000000000000000
0000000010000000000010000000
0000000000010110110000000000
0000000010000000000100000000
0000000000000000000000000000
0000000000000000000000000000
0000000000000000000000000000
0000000000000000000000000000
0000000000000000000000000000
0000000000000000000000000000
