0000000000000000000000000000
0000000000000000000000000000
0000000000000000000000000000
0000000000111111111110000000
0000011111000000000001100000
0001100000000000000000100000
0000100000000000000000100000
0000100000000000000000100000
0000100000000000000001000000
0000100000000000000001000000
0000100000000000000001000000
0000100111111110000001000000
0000100000000001111111000000
0000100000000000000001000000
0000100000000000000001000000
0000100000000000000001000000
0000100000000000000001000000
0000100000000000000001000000
0000100000000000000001000000
0000100000000000000001000000
0000100000000000000001000000
0000100000000000000001000000
0000100000000000000001000000
0000111111111111111111000000
0000100000000000000000000000
0000100000000000000000000000
0000000000000000000000000000
0000000000000000000000000000
