0000000000000000000000000000
0000000000000000000000000000
0000000000000000000000000000
0000000000000000000000000000
0000000000000000000000000000
0000100000000000000000000000
0000111111111111111100000000
0000100000000000000100000000
0000100000000000000010000000
0000100000000000000010000000
0000100000000000000010000000
0000100000000000000001000000
0000100000000000000001000000
0000100000000000000001000000
0000100000000000011111000000
0000100011111111100000100000
0000100000000000000000100000
0000100000000000000000100000
0001000000000000000000100000
0001000000000000000000100000
0001000000000000000000100000
0001000000000000000000100000
0001000000000000000000100011
0001000000000000001111111100
0001111111111111110000100000
0001000000000000000000010000
0001000000000000000000010000
0001000000000000000000000000
