0000000000000000000000000000
0000000000000000000000000000
0000000000000000000000000000
0000000000000000000000000000
0000000000000000000000000000
0000000011111111110000000000
0000000010000000011000000000
0000000010000000001000000000
0000000010000000001000000000
0000000010000000001000000000
0000000010000000001000000000
0000000010000000000100000000
0000000010000000000100000000
0000000010000000000100000000
0000000010011111100100000000
0000000010010000000100000000
0000000010000000000100000000
0000000010000000000100000000
0000000010000000000100000000
0000000010000000000100000000
0000000010000000000100000000
0000000010000000000100000000
0000000010000000000100000000
0000000111111111111100000000
0000000000000000000100000000
0000000000000000000100000000
0000000000000000000000000000
0000000000000000000000000000
