0101010101010101010101010101
1010101010101010101010101010
0100100100100100100100100101
0101010101010101010101010100
0101010101010101010101010010
1010010101010101101101010101
0101010101010110110101010101
0100101101101101011010101010
0101010110110101010101001001
1010101010101010101101010101
0100100110101010101010101010
0101010101010101011010100101
0101010111010101010101010100
1010010010101010101100101010
0101010101101101011010101010
0100101011010101110101010010
0101010101010101010101001010
1010100101101010110100101010
0100101010101010011010101001
0101010101101010101010101010
0100100101010101011010100101
1010101010101010110100101010
0101010101110110101010101001
0100100110101010101010100101
0101010010101010101001010100
0100101010010101010101010101
0101001001010010010010010101
1010101010101010101010100100
