0000000000000000000000000000
0000000000000000000000000000
0000000000000000000000000000
0000001111111110000000000000
0000001000000001000000000000
0000001000000001000000000000
0000001000000001000000000000
0000001000000011000000000000
0000001000000010000000000000
0000001000000010000000000000
0000001111111110000000000000
0000001000000010000000000000
0000001000000010000000000000
0000001000000010000000000000
0000001000000010000000000000
0000001000000010000000000000
0000001000000010000000000000
0000001000000010000000000000
0000001011111010000000000000
0000001110001110000000000000
0000000000000000000000000000
0000000000000000000000000000
0000000000000000000000000000
0000000000000000000000000000
0000000000000000000000000000
0000000000000000000000000000
0000000000000000000000000000
0000000000000000000000000000
