0000000000000000000000000000
0000000000000000000000000000
0000000000000000000000000000
0000000000000000000000000000
0000000000000000000000000000
0000000000000000000000000000
0000000000001111000000000000
0000000010011001100000000000
0000000011100000100000000000
0000000010000000100000000000
0000000010000001100000000000
0000000010000111100000000000
0000000011111000100000000000
0000000001000000100000000000
0000000001000000100000000000
0000000001000000100000000000
0000000001000000100000000000
0000000001000011100000000000
0000000001111110000000000000
0000000000010000000000000000
0000000000000000000000000000
0000000000000000000000000000
0000000000000000000000000000
0000000000000000000000000000
0000000000000000000000000000
0000000000000000000000000000
0000000000000000000000000000
0000000000000000000000000000
