0000000000000000000000000000
0000000000000000000000000000
0000000000000000000000000000
0000000000111111111111111000
0000000111000000000000001000
0000000100000000000000001000
0000000100000000000000001000
0000000100000000000000001000
0000000100000000000000001000
0000000100000000000000001000
0000000100000000000000001000
0000000100000000000000001100
0000000100000000000000000100
0000000100000000000000000100
0000000100000000000000000100
0000000111111111111111111100
0000000110000000000000000100
0000000100000000000000000100
0000000100000000000000000100
0000000100000000000000000100
0000000100000000000000000100
0000001100000000000000000100
0000001100000000000000000100
0000001100000000000000000100
0000000100000000000000000100
0000000000000001111111111110
0000000111111110000000000000
0000000000000000000000000000
