0000000000000000000000000000
0000000000000000000000000000
0000000000000000000000000000
0000000000000000000000000000
0000000000000000000000000000
0000000000000000000000000000
0000000000101000000000000000
0000000000000010000000000000
0000000000000010000000000000
0000000000000000000000000000
0000000000000001000000000000
0000000100000000000000000000
0000000000000001000000000000
0000000101000000000000000000
0000000000001001000000000000
0000000100000000000000000000
0000000000000000000000000000
0000000100000001000000000000
0000000000000000000000000000
0000000010101010000000000000
0000000000000000000000000000
0000000000000000000000000000
0000000000000000000000000000
0000000000000000000000000000
0000000000000000000000000000
0000000000000000000000000000
0000000000000000000000000000
0000000000000000000000000000
