0000000000000000000000000000
0000000000000000000000000000
0000000000000000000000000000
0000000000000000000000000000
0000000000000000001000000000
0000000000111111111110000000
0000000001111111111111000000
0000000011111111111111000000
0000000011110000000111000000
0000000011100000000111000000
0000000011100000000111000000
0000000011100000000111000000
0000000011100001111111000000
0000000011100111111111000000
0000000011111111111111000000
0000000011111111000111000000
0000000011111100000111000000
0000000011100000000111000000
0000000011100000000111000000
0000000011100000000111000000
0000000011100000000111000000
0000000011101111111111000000
0000000001111111111111000000
0000000000111111111111000000
0000000000011100001111000000
0000000000000000000111000000
0000000000000000000111000000
0000000000000000000000000000
