0000000000000000000000000000
0000000000000000000000000000
0000000000000000000000000000
0000000000000000000000000000
0000000111111111110000000000
0000001111111111111000000000
0000001110111111111000000000
0000001110000000111000000000
0000001110000000111000000000
0000001110000000111000000000
0000001110000110111000000000
0000001111111111111000000000
0000001111111111111000000000
0000001111111110111000000000
0000001110000000111000000000
0000001110000000111000000000
0000001110000000111000000000
0000001111111111111000000000
0000001111111111110000000000
0000001111111111110000000000
0000000000000000000000000000
0000000000000000000000000000
0000000000000000000000000000
0000000000000000000000000000
0000000000000000000000000000
0000000000000000000000000000
0000000000000000000000000000
0000000000000000000000000000
