0000000000000000000000000000
0000000000000000000000000000
0000000000000000000000000000
0000000000000000000000000000
0000000000111111111111000000
0000001111000000000001100000
0000001000000000000000100000
0000001000000000000000100000
0000001000000000000000100000
0000000100000000000000100000
0000000100000000000000100000
0000000100000000000000100000
0000000100000000000000100000
0000000111111100000000100000
0000000100000000000001100000
0000000100000000000001000000
0000000100000000000001000000
0000000100000000000001000000
0000000100000000000001000000
0000000111111111111111111000
0000000000000000000000000000
0000000000000000000000000000
0000000000000000000000000000
0000000000000000000000000000
0000000000000000000000000000
0000000000000000000000000000
0000000000000000000000000000
0000000000000000000000000000
