0000000000000000000000000000
0000000000000000000000000000
0000000000000000000000000000
0000000001111111111000000000
0000000011111111111100000000
0000000111111111111100000000
0000000111000000011100000000
0000000111000000011100000000
0000000111000000011100000000
0000000111000000111100000000
0000000111000000111000000000
0000000111000000111000000000
0000000111000111111000000000
0000000111011111111000000000
0000001111111111111000000000
0000001110011110111000000000
0000001110000000111000000000
0000001110000000111000000000
0000001110000000111000000000
0000000111111111111000000000
0000000011111111111000000000
0000000011111111111000000000
0000000001100000000000000000
0000000000000000000000000000
0000000000000000000000000000
0000000000000000000000000000
0000000000000000000000000000
0000000000000000000000000000
