0000000000000000000000000000
0000000000000000000000000000
0000000000000000000000000000
0000000000000000000000000000
0000000000000000000000000000
0000000000000000000000000000
0000000000000000000000000000
0000000111111111100000000000
0000000100000000100000000000
0000000100000000100000000000
0000000100000000100000000000
0000000100000000100000000000
0000000100000000100000000000
0000000111111111100000000000
0000000100000000100000000000
0000000100000000100000000000
0000000100000000100000000000
0000000100000000100000000000
0000000100000001110000000000
0000000111111111100000000000
0000000000000000000000000000
0000000000000000000000000000
0000000000000000000000000000
0000000000000000000000000000
0000000000000000000000000000
0000000000000000000000000000
0000000000000000000000000000
0000000000000000000000000000
