0000000000000000000000000000
0000000000000000000000000000
0000000000000000000000000000
0000011111111111111110000000
0000111111111111111111000000
0000110000000000000001100000
0000110000000000000001100000
0000110000000000000001100000
0000110000000000000001100000
0000110000000000000001100000
0000110000000000000001100000
0000110000000000000001100000
0000111111111111111111100000
0000111111111111111111100000
0000110000000000000001100000
0000110000000000000001100000
0000110000000000000001100000
0000110000000000000001100000
0000110000000000000001100000
0000110000000000000001100000
0000110000000000000001100000
0000110000000000000011100000
0000111111111111111111100000
0000111111111111111111110000
0000000000000000000000000000
0000000000000000000000000000
0000000000000000000000000000
0000000000000000000000000000
