0000000000000000000000000000
0000000000000000000000000000
0000000000000000000000000000
0000000000000000000000000000
0000000000000000000000000000
0000000000010010101000000000
0000000000000000000100000000
0000001000000000000000000000
0000001000000000000100000000
0000000000000000000000000000
0000001000000000000100000000
0000001000000000000000000000
0000001000000010000100000000
0000001001011001010000000000
0000001000000000000100000000
0000001000000000000000000000
0000001000000000000100000000
0000001000000000000000000000
0000001000000000000000000000
0000000000000000000100000000
0000001001011011100000000000
0000000000000000001100000000
0000000000000000000000000000
0000000000000000000000000000
0000000000000000000000000000
0000000000000000000000000000
0000000000000000000000000000
0000000000000000000000000000
