0000011111111000000000000000
0001111111111111110000000000
0011111111111111111000000000
0011100000001111111000000000
0111100000000000111000000000
0111000000000000111000000000
0111000000000000111000000000
0111000000000000111000000000
0111000000000000111100000000
0111000000000000011100000000
0111000000000000011100000000
0111000000000000011100000000
0111000000000000011100000000
1111000011111000011100000000
1111000111111100011100000000
1110001111111100011100000000
1110000111000000011100000000
1110000000000000011100000000
1110000000000000011100000000
1110000000000000011100000000
1110000000011111111100000000
1111111111111111111100000000
1111111111111111111100000000
1111111111111000011100000000
0110000000000000000000000000
0000000000000000000000000000
0000000000000000000000000000
0000000000000000000000000000
