0000000000000000000000000000
0000000000000000000000000000
0000000000000000000000000000
0000000000000000000000000000
0000000000001111110000000000
0000000001111000011000000000
0000001110000000000100000000
0000010000000000000100000000
0000010000000000000010000000
0000010000000000000010000000
0000100000000000000010000000
0000100000000000000010000000
0000100000000000000010000000
0000100000000000000010000000
0000100000001111111010000000
0000100000110000000010000000
0000101111000000000010000000
0000100000000000000010000000
0000100000000000000010000000
0000010000000000000010000000
0000010010000000000010000000
0000001010000000000010000000
0000001110000000000010000000
0000001110000000000010000000
0000000111000000000010000000
0000000110100000000001000000
0000000010100000000001000000
0000000010110000000111000000
