0000000000000000000000000000
0000000000000000000000000000
0000000000000000000000000000
0000000000000000000000000000
0000000000000000000000000000
0000001111111111111100000000
0000010000000000000110000000
0000010000000000000010000000
0000010000000000000001000000
0000010000000000000001000000
0000010000000000000001000000
0000010000000000000001000000
0000010000001111111110000000
0000010111110000000010000000
0000001000000000000010000000
0000001000000000000010000000
0000001000000000000010000000
0000001000000000000100000000
0000001000000000000100000000
0000001000000000001000000000
0000001000000000001000000000
0000001111111111111000000000
0000000000000000010000000000
0000000000000000010000000000
0000000000000000000000000000
0000000000000000000000000000
0000000000000000000000000000
0000000000000000000000000000
