0000000000000000000000000000
0000000000000000000000000000
0000000000000000000000000000
0000000000000000000000000000
0000000000000000000000000000
0000000000000000000000000000
0000000000000000000000000000
0000000010111111111110000000
0000000010000000000010000000
0000000011000000000010000000
0000000001000000000010000000
0000000001000000000100000000
0000000001000000000100000000
0000000001000011111111000000
0000000001111110000100000000
0000000001000000000100000000
0000000001000000000100000000
0000000001000000000100000000
0000000001011111110100000000
0000000000000000000100000000
0000000000000000000000000000
0000000000000000000000000000
0000000000000000000000000000
0000000000000000000000000000
0000000000000000000000000000
0000000000000000000000000000
0000000000000000000000000000
0000000000000000000000000000
