0000000000000000000000000000
0000000000000000000000000000
0000000000000000000000000000
0000000000000000000000000000
0000000000000000000000000000
0000000011111111110000000000
0000000010000000001000000000
0000000010000000001000000000
0000000010000000001000000000
0000000010000000001000000000
0000000010000000001000000000
0000000010000000001000000000
0000000010000000001000000000
0000000010000000001000000000
0000000011111111111000000000
0000000010000000001000000000
0000000010000000001000000000
0000000010000000001000000000
0000000010000000001000000000
0000000010000000001000000000
0000000010000000001000000000
0000000010000000001000000000
0000000000000000001000000000
0000000011111111110000000000
0000000000000000000000000000
0000000000000000000000000000
0000000000000000000000000000
0000000000000000000000000000
