0000000000000000000000000000
0000000000000000000000000000
0000000000000000000000000000
0000000000000011110000000000
0000000001111110001100000000
0000100111000000001100000000
0000100000000000001000000000
0000110000000000001000000000
0000010000000000001000000000
0000010000000000001100000000
0000010000000000000100000000
0000010000000000000100000000
0000010000011100000100000000
0000010111110000000100000000
0000010010000000000100000000
0000010000000000000100000000
0000010000000000000100000000
0000010000000110000100000000
0000001111111111000100000000
0000001000000001000100000000
0000000000000000100100000000
0000000000000000110100000000
0000000000000000011100000000
0000000000000000001000000000
0000000000000000001000000000
0000000000000000001000000000
0000000000000000000000000000
0000000000000000000000000000
