0101010101010101010101010101
1010010010010010101010101001
0101010101010101001001001010
0100101001001010101010101001
1010100101010100101010101010
0101010100101010101010100101
0100101010100101010100101010
0101001001010010010010101001
1010100101001010101010100100
0100101010110111101010010101
0101010100011000101010101010
0101001010110101010101010010
1001010010010101010100101010
0101001001010101010010100101
0100101010111101010101010100
0101010100010010110101001010
1010100101010101010100101001
0100101001011010101010100100
0010100101010111010010010101
1010010100101000101001010010
0101010010010101001010101010
0100101001001010101001001001
0010000101010001001010100100
1010110100101010100100010101
0100001001000100010010100100
0010100100101010101010010010
1001010010010001000101001001
0100101001001010010000101010
