0000000000000000000000000000
0000000000000000000000000000
0000000000000000000000000000
0000000000000000000000000000
0000011111111111111100000000
0000010000000000000100000000
0000010000000000000100000000
0000010000000000000100000000
0000010000000000000100000000
0000010000000000000100000000
0000010000000000000100000000
0000010000000000000100000000
0000011111100000000100000000
0000010000111111100100000000
0000010000000000000100000000
0000010000000000000100000000
0000010000000000000100000000
0000010000000000000100000000
0000010000000000000100000000
0000010000000000000100000000
0000010000000000000100000000
0000001111111111110100000000
0000000000000000000000000000
0000000000000000000000000000
0000000000000000000000000000
0000000000000000000000000000
0000000000000000000000000000
0000000000000000000000000000
