0001000001000010000010000100
0100010100010100101000101001
0010100010100010010010000010
0100001001010101010100101000
0010100101010101010010010010
0100010010101010101001000100
0001001000100100101100100010
0100100101001001010010010100
0010001000100100011001000001
0100100101000010101000101010
0010010100101000101010000000
0100100101000101010001010101
0001001010010000101010001000
0100010101001010101000100010
0010100100100100101010010100
0100010110101010101001000010
0010001001011011010100010100
0100100101001010101001000001
0001010100100100101000101010
0100001010010010010101000100
0010100101001000101000101001
1000010101010010010101000000
0010100101001010101010010101
0100010110110101010100100010
0010000011010101010100010000
0100101010100100101010100101
0001000101001010000000010000
0100101000100001010101001010
