0000000000000000000000000000
0000000000000000000000000000
0000000000000000000000000000
0000001111111111111111000000
0000011111111111111111000000
0000011000000000000011000000
0000011000000000000011000000
0000011000000000000011000000
0000011000000000000011000000
0000011000000000000011000000
0000011000000000000011000000
0000011011111111111111000000
0000011111111111111111000000
0000011000000000000011000000
0000011000000000000011000000
0000011000000000000011000000
0000011000000000000011000000
0000011000000000000011000000
0000011000000000000011000000
0000011000000000000011000000
0000011111111111111111000000
0000011111111111111111000000
0000000000000000000000000000
0000000000000000000000000000
0000000000000000000000000000
0000000000000000000000000000
0000000000000000000000000000
0000000000000000000000000000
