1111111111111111111111111111
1111111111111111111111111111
1111111111111111111111111111
1111111111111111111111111111
1111111111111111111111111111
0111100111111111111001101111
1101011111111111111110011111
0011100101111111110001101111
0100000101011011011000001111
1001000100000000000100011111
0000000100101001100101001111
0010100010001000000100001111
1000000010000000000110001111
0000000110001010100100001111
0000010010010101010100001111
1011000101010000010100011111
0100111101000000001010001111
1011010101000001000100001111
1111111101000000011000011111
1111111101011110101000101111
1111111110011001100100101111
1111111101001001000000001111
1111111110000010000000001111
1111111110010000100100111111
1111111111101111011011001111
1111111110010010100100111111
1111111111111111111111111111
1111111111111111111111111111
