0000000000000000000000000000
0000000000000000000000000000
0000000000000000000000000000
0000000000000000000000000000
0000000000000000000000000000
0000000000000000000000000000
0000000000000000111111000000
0000000000000011100001000000
0000000000111100000001000000
0000000011000000000001000000
0000000010000000000001000000
0000000010000000000001000000
0000000010000000111111000000
0000000010000111100001000000
0000000010111000000001000000
0000000010000000000001000000
0000000010000001000001000000
0000000010000000111101000000
0000000100001111110001000000
0000000111110000010001000000
0000000100000000010001000000
0000000000000000001011000000
0000000000000000000110000000
0000000000000000000110000000
0000000000000000000010000000
0000000000000000000000000000
0000000000000000000000000000
0000000000000000000000000000
