0000000111111111111111110000
0000010111111111111111110000
0001111111111111111111111000
0011111111111111111111111000
0011111111111110011111111000
0111111111111100011111111100
0111111111111000011111111000
0011111111111000001111111100
0011111111110000000111111100
0101111111111000001111111110
0011111111111011111111111110
0001111111111111111111111111
0001111111111111111111111010
0001111111111111111111111110
0001111111111111111111111101
0001111111111111111111111111
0001111111111111111111111111
0001111111111110111101111111
0001111111101001010001111111
0001111111100000000111111111
0011111111100000001111111111
0001111111100000011111111111
0001111111110001111111111111
0001111111110111111111111110
0000111111111111111111111110
0001111111101111111111111100
0000111111111111111111110000
0000111111101111111101100000
