0000000000000000000000000000
0000000000000000000000000000
0000000000000000000000000000
0001000000000000000000000000
0011111111111111111100000000
0011111111111111111111000000
0011111111111111111111000000
0011110000000000001111000000
0001110000000000001110000000
0001111100000000001110000000
0001111111111110011110000000
0001111111111111111100000000
0001110111111111111100000000
0001110000000011111100000000
0001110000000000011100000000
0001110011111111111100000000
0001110111111111111000000000
0000110011111111111000000000
0000000000000000111000000000
0000000000000000111000000000
0000000000000000011000000000
0000000000000000000000000000
0000000000000000000000000000
0000000000000000000000000000
0000000000000000000000000000
0000000000000000000000000000
0000000000000000000000000000
0000000000000000000000000000
