0000000000000000000000000000
0000000000000000000000000000
0000000000111111111110000000
0001111111111111111111000000
0011111111111111111111100000
0011111111100000000011100000
0011110000000000000011100000
0001110000000000000011100000
0001110000000000000011110000
0001110000000000000001110000
0001110000000000000001110000
0001110000000011110001110000
0001111111111111111001110000
0001111111111111111001110000
0001111111111111000001110000
0001110000000000000001111000
0001110000000000000000111000
0001110000000000000000111000
0001110000000000000000111100
0001110000000000000000111100
0001111000000000000000011100
0001111000000000000000011100
0000111000000000000000011100
0000111011111111111111111110
0000111111111111111111111110
0000111111111111111111111110
0000011110000000000000111100
0000000000000000000000000000
