0000000000000000000000000000
0000000000000000000000000000
0000000000000000000000000000
0000000000000000000000000000
0000000000000000000000000000
0000000000000000000000000000
0000000000000000000000000000
0000000000001111111100000000
0000000111110000000100000000
0000001100000000000100000000
0000000100000000000100000000
0000000100000000000100000000
0000000100000000000100000000
0000000100000000000100000000
0000000100000000000100000000
0000000100000001111100000000
0000000010111111000100000000
0000000011100000000100000000
0000000010000000000100000000
0000000010000000000100000000
0000000001000000000100000000
0000000101000000000100000000
0000000101000000011100000000
0000000111111111110000000000
0000000000000000000000000000
0000000000000000000000000000
0000000000000000000000000000
0000000000000000000000000000
