0000000000000000000000000000
0000000000000000000000000000
0000000000000000000000000000
0000001111111111111110000000
0000111000000000000010000000
0000010000000000000010000000
0000010000000000000010000000
0000010000000000000010000000
0000010000000000000010000000
0000010000000000000010000000
0000001000000000000010000000
0000001000000000000010000000
0000001111111110000010000000
0000001000000010000010000000
0000001000000000000010000000
0000001000000000000010000000
0000001000000000000010000000
0000001000000000000010000000
0000001000000000000010000000
0000001000000000000010000000
0000001000000000000010000000
0000001000000000000010000000
0000001111111111111110000000
0000000000000000000010000000
0000000000000000000001000000
0000000000000000000000000000
0000000000000000000000000000
0000000000000000000000000000
