0000000011111111111100000000
0000111111111111111110000000
0001111111110000111110000000
0001111111000000001110000000
0001110000000000001110000000
0001110000000000001110000000
0011110000000000001110000000
0011100000000000001110000000
0011100000000000001110000000
0011100000000000001110000000
0011100000000000001110000000
0011100001111111101110000000
0011110111111111111111000000
0011111111111111110111000000
0011111111100000000111000000
0011111110000000000111000000
0011100000000000000111000000
0011100000000000000111000000
0011100000000000000111000000
0011100000000000000111000000
0011100000000000000111000000
0011100000000000000111000000
0011100000000000000111000000
0011110001111111111111000000
0001111111111111111111000000
0001111111111111111110000000
0000011111000000000000000000
0000000000000000000000000000
