0000000000000000000000000000
0000000000000000000000000000
0000000000000000000000000000
0000000000000000000000000000
0000000000000000000000000000
0000000000000000000000000000
0000001111111000000000000000
0000011010001111000000000000
0000010110000001100000000000
0000101100000000111000000000
0000101000000000001000000000
0000111000000000001000000000
0001110000000000001000000000
0001010000000000001000000000
0001010000000000001000000000
0001010000000000001000000000
0001010000000000001000000000
0001110000000000001001000000
0000110000000000001110000000
0000011100000001111000000000
0000010011111110010000000000
0000010000000000110000000000
0000011000000001100000000000
0000001000000111000000000000
0000001100011100000000000000
0000000111100000000000000000
0000000000000000000000000000
0000000000000000000000000000
