0000000000000000000000000000
0000000000000000000000000000
0000000000000000000000000000
0000000000000000000000000000
0000010000000000000000000000
0000011111111111100000000000
0000010000000000111110000000
0000010000000000000010000000
0000010000000000000010000000
0000010000000000000010000000
0000010000000000000010000000
0000010000000000000010000000
0000010000000000000010000000
0000010111111111111010000000
0000010000000000000010000000
0000011000000000000010000000
0000001000000000000010000000
0000001000000000000010000000
0000001000000000000010000000
0000001000000000000010000000
0000001000000000000111000000
0000001111111111111111000000
0000000000000000000100000000
0000000000000000000000000000
0000000000000000000000000000
0000000000000000000000000000
0000000000000000000000000000
0000000000000000000000000000
