0000000000000000000000000000
0000000000000000000000000000
0000000000000000000000000000
0000000000000000000000000000
0000000111111110000000000000
0000000100000011000000000000
0000000100000001000000000000
0000000100000001000000000000
0000000100000001000000000000
0000000100000001000000000000
0000000100000001000000000000
0000000100000001000000000000
0000000111111111000000000000
0000000100000001000000000000
0000000100000001000000000000
0000000100000001000000000000
0000000100000001000000000000
0000000100000001000000000000
0000000100000001000000000000
0000000111111111000000000000
0000000000000000000000000000
0000000000000000000000000000
0000000000000000000000000000
0000000000000000000000000000
0000000000000000000000000000
0000000000000000000000000000
0000000000000000000000000000
0000000000000000000000000000
