0001000000000000000000000000
0011111111111100000000000000
0011111111111110000000000000
0001111111111111100000000000
0011100000000111111000000000
0011100000000011111100000000
0011100000000000111100000000
0011100000000000011100000000
0011100000000000011100000000
0011100000000000011110000000
0011100000000000001110000000
0011110000000000001110000000
0001110000000000001110000000
0001110000000011111110000000
0001111111111111111111000000
0001111111111111111111000000
0001111111111111001111000000
0001111100000000001110000000
0001110000000000001110000000
0001111000000000001110000000
0000111000000000001110000000
0000111111111100001110000000
0000111111111111111111000000
0000111111111111111111000000
0000011000000111111111000000
0000000000000000000111000000
0000000000000000000000000000
0000000000000000000000000000
