0000000000000000000000000000
0000000000000000000000000000
0000000000000000000000000000
0000000000000000000000000000
0000000001000100000000000000
0000001000000000100010000000
0000000000000000000000000000
0000000000000000000000000000
0000000000000000000010000000
0000001000000000000000000000
0000000000000000000000000000
0000000000000000000010000000
0000001000000000000000000000
0000000001001001001000000000
0000000000000000000010000000
0000001000000000000000000000
0000000000000000000000000000
0000000000000000000010000000
0000001000000000000000000000
0000000000000000000000000000
0000000000000000000010000000
0000000100100100100000000000
0000000000000000000010000000
0000000000000000000000000000
0000000000000000000000000000
0000000000000000000000000000
0000000000000000000000000000
0000000000000000000000000000
