0000000000000000000000000000
0000000000000000000000000000
0000000000000000000000000000
0000000000000000000000000000
0000000000000000000000000000
0000001000000000000000000000
0000000100000000000000000000
0000000100000001111111111000
0000000100000000000000001000
0000000100000000000000001000
0000000100000000000000001000
0000000100000000000000001000
0000000010000000000000001000
0000000010000000000000001000
0000000011111111111111001000
0000000010000000000000001000
0000000011000000000000001000
0000000001000000000000001000
0000000001000000000000001000
0000000001000000000000001000
0000000001000000000000001000
0000000011111111111111110000
0000000000000000000000000000
0000000000000000000000000000
0000000000000000000000000000
0000000000000000000000000000
0000000000000000000000000000
0000000000000000000000000000
