0000000000000000000000000000
0000000000000000000000000000
0000000000000000000000000000
0000000000000000000000000000
0000000000000000000000000000
0000000000000000000000000000
0011000000000000000000000000
0011000000000000000000000000
0011111111111111111000000000
0010000000000000001000000000
0010000000000000000100000000
0010000000000000000100000000
0010000000000000000100000000
0011111111111100000100000000
0010000000000111111100000000
0010000000000000000100000000
0010000000000000000100000000
0010000000000000000100000000
0010000000000000000100000000
0010000000000000000100000000
0010000000000000000100000000
0011111111111111111111110000
0000000000000000000000000000
0000000000000000000000000000
0000000000000000000000000000
0000000000000000000000000000
0000000000000000000000000000
0000000000000000000000000000
