0000000000000000000000000000
0000000000000000000000000000
0000000000000000000000000000
0000000000000000000000000000
0000000000000000000000000000
0000010000000000000000000000
0000110000000001110000000000
0000011111111110010000000000
0000010000000000010000000000
0000010000000000010000000000
0000010000000000010000000000
0000100000000000100000000000
0000100000000000100000000000
0000100000000000100000000000
0000100000000000100000000000
0000100000000000100000000000
0000100000000000100000000000
0000100000000000100000000000
0000100011000000100000000000
0000100000111111110000000000
0000100000000000100000000000
0000100000000000100000000000
0000100000000000100000000000
0000100000000000110000000000
0000100000000000010000000000
0000101000000000010000000000
0000011111111111110000000000
0000010000000000000000000000
