0000011111111111111000000000
0000111111111111111110000000
0011111111111111111111000000
0111111111111111111111000000
0111100000000000001111000000
0111100000000000001111000000
0111100000000000001111000000
0111100000000000001111000000
0111100000000000001111000000
0111100000000000001111000000
0111111111111100001111000000
0111111111111111101111100000
0111111111111111111111100000
0111111111111111111111100000
0111100000000111111111100000
0111100000000000000111100000
0111100000000000000111100000
0111100000000000000111100000
0111100000000000000111100000
0111100000000000000111100000
0111100000000000000111100000
0111111111111111111111100000
0011111111111111111111100000
0011111111111111111111100000
0001111111111111111111100000
0000000000000000000000000000
0000000000000000000000000000
0000000000000000000000000000
