0000000000000000000000000000
0000000000000000000000000000
0000000000000000000000000000
0001000000000000000000000000
0001111111111111111110000000
0001000000000000000011000000
0001000000000000000001000000
0001000000000000000001000000
0001000000000000000010000000
0001000111111111000010000000
0001100000000000000010000000
0000100000000000000010000000
0000100000000000000010000000
0000100000000000000010000000
0000100000000000000010000000
0000101111111111000010000000
0000100000000000000010000000
0000100000000000000010000000
0000100000000000000010000000
0000100000000000000010000000
0000100000000000000010000000
0000100000000000000010000000
0000100000000000000010000000
0000100000000000000010000000
0000100000000000000010000000
0000000000000000000010000000
0000000000000000000000000000
0000000000000000000000000000
