0000000000000000000000000000
0000000000000000000000000000
0000000000000000000000000000
0000000000000000000000000000
0000000000000000000000000000
0000001010101010101000000000
0000001010101010101000000000
0000010000000000000100000000
0000001000000000001000000000
0000010000000000000100000000
0000001000000000001000000000
0000010000000100000100000000
0000001001010010001000000000
0000010001010100001000000000
0000001010000000010000000000
0000010000000000001000000000
0000001001010000010000000000
0000010101010100001000000000
0000001000000000010000000000
0000010000000000001000000000
0000001000000000010000000000
0000101000000000001000000000
0000010000000001010000000000
0001000000000001001000000000
0000000000000000101000000000
0000000000000000000000000000
0000000000000000000000000000
0000000000000000000000000000
