0000000000000000000000000000
0000000000000000000000000000
0000000000000000000000000000
0000000000000000000000000000
0000000000000000000000000000
0000000000000000000000000000
0000000000000000000000000000
0000000000001111000000000000
0000000000000001110000000000
0000000000010000011000000000
0000000000010000001000000000
0000000000010000001100000000
0000000000110000000100000000
0000000000100000000100000000
0000000000100000000100000000
0000000001111100000100000000
0000000001000000000100000000
0000000011000000000100000000
0000000010000000000100000000
0000000011111000000100000000
0000000110000000000100000000
0000000100000000000100000000
0000000100000000000100000000
0000001100000001100100000000
0000001100000000110100000000
0000000000000000011100000000
0000000000000000001110000000
0000000000000000000110000000
