0000000000000000000000000000
0000000000000000000000000000
0000000000000000000000000000
0000000000000000000000000000
0000000100000000000000000000
0000000111111111110000000000
0000000100000000010000000000
0000000100000000010000000000
0000000100001000010000000000
0000001111111000010000000000
0000000100000000010000000000
0000000100000000010000000000
0000001011111110010000000000
0000001000000000010000000000
0000001000000000100000000000
0000010000100000100000000000
0000010000010001000000000000
0000100000001001000000000000
0000100000001111000000000000
0001000000000110000000000000
0011000000000000000000000000
0000000000000000000000000000
0000000000000000000000000000
0000000000000000000000000000
0000000000000000000000000000
0000000000000000000000000000
0000000000000000000000000000
0000000000000000000000000000
