0000011111111111111000000000
0000111111111111111100000000
0001111111111111111100000000
0011111111111111111100000000
0011111111111111111100000000
0011111100000001111100000000
0011111100000001111100000000
0001111100000001111100000000
0001111111111111111100000000
0001111111111111111100000000
0001111111111111111100000000
0001111111111111111100000000
0001111111111111111100000000
0001111100000001111100000000
0001111111111111111100000000
0001111111111111111100000000
0001111111111111111100000000
0001111111111111111100000000
0011111111111111111110000000
0011111100000001111110000000
0011111100000001111110000000
0011111000000000111110000000
0011111000001111111110000000
0001110000011111111110000000
0000000000011111111110000000
0000000000011111111110000000
0000000000001111111100000000
0000000000000000000000000000
