0000000000000000000000000000
0000001111111111111110000000
0000011111111111111111000000
0000011111111111111111100000
0000001110000000000011100000
0000001110000000000011100000
0000001110000000000011100000
0000001110000000000011100000
0000001110000000000011100000
0000001110111110000011100000
0000001111111111000011100000
0000001110111111000011100000
0000001110000000000011100000
0000001110000000000011100000
0000001110000000000011100000
0000001111111110000011100000
0000001111111111000011100000
0000001111111111000011100000
0000001110000000000011100000
0000001110000000000011100000
0000011110000000000011100000
0000011100000000000011100000
0000111100000000100011100000
0000111000000001111011100000
0011111000000001111111100000
0111110000000000111111100000
1111110000000000001111100000
0111000000000000001111100000
