1111111111111111111111111111
1111111111111111111111111111
1111111100000000111111111111
1111111111111111111111111111
1111111100000000010111111111
1111100010101010010111111111
1111010011011110110111111111
1111110011111101011111111111
1111010101100100110111111111
1111110010111110010111111111
1111010011100010110111111111
1111101010110010011111111111
1111011100011111010111111111
1111100100001110010111111111
1110011000001010010111111111
1101101010101001111111111111
1000010111110011011111111111
1110010011111001111111111111
1111101111111011111111111111
1100110110101000101111111111
1100101110100110101111111111
1111111110100111011111111111
1110111111111110111111111111
1111111111100011111111111111
1111111111111111111111111111
1111111111111111111111111111
1111111111111111111111111111
1111111111111111111111111111
