0000000000000000000000000000
0000000000000000000000000000
0000000000000000000000000000
0000000010101010000000000000
0000000000000001010101000000
0000000010000000000000000000
0000000000000000000001000000
0000000010000000000000000000
0000000000000000000001000000
0000000010000000000000000000
0000000000000000000001000000
0000000011010101010101000000
0000000000000000000000000000
0000000010000000000001000000
0000000000000000000000000000
0000000100000000000001000000
0000000000000000000000000000
0000000100000000000001000000
0000000010101010101010000000
0000001000000000000001000000
0000000000000000000000000000
0000001000000000000001000000
0000010000000000000000000000
0000000000000000000001000000
0000010000000000000000000000
0000000000000000000001000000
0000100000000000010010000000
0001000000000000001000000000
