0000000000000000000000000000
0000000000000000000000000000
0000000000000000000000000000
0000000011111111100000000000
0000000010000001000000000000
0000000010000001000000000000
0000000010000001000000000000
0000000011111101000000000000
0000000010000001000000000000
0000000010000001000000000000
0000000010000001000000000000
0000000010000001100000000000
0000000011111110100000000000
0000000010000000100000000000
0000000010000000100000000000
0000000010000000100000000000
0000000010000000110000000000
0000000010000000010000000000
0000000100000000010000000000
0000000100000000010000000000
0000001100000010010000000000
0000111000000011010000000000
0000000000000000110000000000
0000000000000000110000000000
0000000000000000000000000000
0000000000000000000000000000
0000000000000000000000000000
0000000000000000000000000000
