0000000000000000000000000000
0000000000000000000000000000
0000000000000000000000000000
0000000000000000000000000000
0000001111111111111100000000
0000011111111111111100000000
0000011111111111111100000000
0000011100000000011100000000
0000011101111111111100000000
0000011111111111111110000000
0000011101111111111110000000
0000011100000000001110000000
0000011100000000001110000000
0000011100000000001110000000
0000011111111111111110000000
0000011111111111111110000000
0000011111111111111110000000
0000011100000000001110000000
0000011100000000001110000000
0000011100000001001110000000
0000011100000011111110000000
0000111100000011111110000000
0001111100000001111100000000
0011111000000000111100000000
0011100000000000011100000000
0001100000000000011000000000
0000000000000000000000000000
0000000000000000000000000000
