0000000000000000000000000000
0000000000000000000000000000
0000000000000000000000000000
0000000000000000000000000000
0000010000000000001110000000
0000011111111111111010000000
0000011000000000000010000000
0000001000000000000010000000
0000001000000000000010000000
0000001000000000000010000000
0000001000000000000010000000
0000001000000000000010000000
0000001111111111000010000000
0000001000000000000010000000
0000001000000000000010000000
0000001111111111000001000000
0000001000000001100001000000
0000001000000000000001000000
0000001000000000000001000000
0000010000000000000001000000
0000010000000000000001000000
0000110000000000011101000000
0000100000000000000111000000
0011000000000000000011000000
0000000000000000000001000000
0000000000000000000001000000
0000000000000000000000000000
0000000000000000000000000000
