0000000000000000000000000000
0000000000000000000000000000
0000000000000000000000000000
0000000000000000000000000000
0000000000000000000000000000
0000000000000000000000000000
0000000000000001111000000000
0000000000111110001000000000
0000000000100000001000000000
0000000000100000001000000000
0000000000100000001000000000
0000000000100000001000000000
0000000000100000001000000000
0000000000101111011000000000
0000000000100000001000000000
0000000000100000001000000000
0000000000101111111000000000
0000000001000000001000000000
0000000001000000001000000000
0000000001000000001000000000
0000000010000000010000000000
0000000110000000010000000000
0000011000000000010000000000
0000000000000000100000000000
0000000000000000100000000000
0000000000000000000000000000
0000000000000000000000000000
0000000000000000000000000000
