0000000000000000000000000000
0000000000000000000000000000
0000000000000000000000000000
0000000000000000000000000000
0000001000000000000000000000
0000001111111100000000000000
0000001000000010000000000000
0000001000000010000000000000
0000001000000010000000000000
0000001111111001000000000000
0000001000001001000000000000
0000001000000001000000000000
0000001000011001000000000000
0000001001110000100000000000
0000010011001000100000000000
0000010000001000100000000000
0000010000001000100000000000
0000010000001000100000000000
0000110000000100100000000000
0000100000000100110000000000
0000000000000111100000000000
0000000000000000000000000000
0000000000000000000000000000
0000000000000000000000000000
0000000000000000000000000000
0000000000000000000000000000
0000000000000000000000000000
0000000000000000000000000000
