0000000000000000000000000000
0000000000000000000000000000
0000000000000000000000000000
0000000000000000000000000000
0000000000000010110000000000
0000000000010000000000000000
0000000001000000010000000000
0000000000000000010000000000
0000000001000000010000000000
0000000000000000010000000000
0000000001001011010000000000
0000000001000000010000000000
0000000000000000010000000000
0000000001000000010000000000
0000000000011111010000000000
0000000010000000010000000000
0000000010000000000000000000
0000000010000000010000000000
0000000010000000001000000000
0000000010000000000000000000
0000000000000000010000000000
0000000100000000001000000000
0000000100000000000000000000
0000000000000000010000000000
0000000000000000000000000000
0000000000000000000000000000
0000000000000000000000000000
0000000000000000000000000000
