0000000000000000000000000000
0000000000000000000000000000
0000000000000000000011100000
0000001111111111111111110000
0000011111111111111111110000
0000011111111111111111110000
0000011100000000000001110000
0000011100000000000001110000
0000011100000000000001110000
0000011100000000000001110000
0000011101111100000001110000
0000011111111110000001110000
0000111101111110000001110000
0000111000000000000001110000
0000111000000000000001110000
0000111000000000000001110000
0000111111111110000001110000
0001111111111111100001110000
0001111111111111100001110000
0001110000000011000001110000
0001110000000000000001110000
0011110000000000000001110000
0011100000000000000001110000
0111100000000000000101110000
0111000000000000001111110000
0000000000000000001111110000
0000000000000000000111110000
0000000000000000000001110000
