0010010010010010001001001001
1001001001001001010010010010
0100100100100100001001001000
0010010010010010100100100101
1001001001001001010010010000
0100100100100100010100100101
0010010010111011110010010010
1001001001101010011001001001
0100100100100101010100100100
0010010010110010011010010010
0100101001010100101001001001
0010000100101001001000100100
1001010010110010101101010010
0100101001011101010010001001
0010000100100101011001010010
1001010010110100101010001000
0100101010011011001001010010
0010000100110101101100100101
1001010010010010010101001000
0100101001010100101000100101
0010000100110010010101010010
1001010010101001001100001000
0100101001010100110101010010
0010000101100010011000100101
1001010010101001010101001000
0100101001000100101000100101
0010000100101010001010010010
1001010010010001010010101000
