0000000000000000000000000000
0000000000000000000000000000
0111111111111111110000000000
0100000000000000110000000000
0100000000000000010000000000
0100000000000000010000000000
0110000000000000110000000000
0100000000000000010000000000
0100000000000000110000000000
0100000000000000010000000000
0100000000000000010000000000
0100000000000000110000000000
0110000000000000010000000000
0100000000000000010000000000
0100000000000000110000000000
0100000000000000010000000000
0100000000000000110000000000
0111111111111110110000000000
0010100100100101000000000000
0000000000000000000000000000
0000000000000000000000000000
0000000000000000000000000000
0000000000000000000000000000
0000000000000000000000000000
0000000000000000000000000000
0000000000000000000000000000
0000000000000000000000000000
0000000000000000000000000000
