0000000000000000000000000000
0000000000000000000000000000
0000000000000000000000000000
0000000000000011110000000000
0000001000001100010000000000
0000011100110000010000000000
0000001111000000010000000000
0000010010000000010000000000
0000000010000000010000000000
0000000010000000010000000000
0000000010111100001000000000
0000000010000000001000000000
0000000010000000001000000000
0000000010000000001000000000
0000000010000000001000000000
0000000010000000001000000000
0000000011111100001000000000
0000000010000000001000000000
0000000110000000001000000000
0000000101000000001000000000
0000000100110000001000000000
0000001000001000001000000000
0000010000000100001000000000
0000100000000011001000000000
0001100000000000110000000000
0001000000000000000000000000
0000000000000000000000000000
0000000000000000000000000000
