0000000000111111100000000000
0000001111111111110000000000
0000011111111111111000000000
0000011111100000111000000000
0000011100000000111100000000
0000011100000000111100000000
0000011100000000011100000000
0000011100000000011100000000
0000011100000000011100000000
0000011111110000011100000000
0000011111111000011100000000
0000011111111000011100000000
0000011100000000011100000000
0000011101111000011100000000
0000111111111100011100000000
0000111101111100011100000000
0000111000000000011100000000
0000111000000000011100000000
0000111000000000011100000000
0001111000000010011100000000
0001111000000111111100000000
0001110000000111111100000000
0011110000000011111100000000
0011100000000001111100000000
0000000000000000111100000000
0000000000000000011000000000
0000000000000000000000000000
0000000000000000000000000000
