0000000000000000000000000000
0000000000000000000000000000
0000000000000000000000000000
0000000000000000000000000000
0000000000000000000000000000
0000000000000000000000000000
0000000001111111111110000000
0000000010000000000001000000
0000000011000000000001000000
0000000001000000000001000000
0000000001000000000011100000
0000000001000001111101000000
0000000001111110000001000000
0000000010000000000001000000
0000000010000000000001000000
0000000010011111111111000000
0000000010000000000001000000
0000000110000000000001000000
0000000100000000000001000000
0000000100000000000001000000
0000000100000000000001000000
0000000100000000100001000000
0000000000000000110001000000
0000000000000000011001000000
0000000000000000001111000000
0000000000000000000000000000
0000000000000000000000000000
0000000000000000000000000000
