0000000000000000000000000000
0000000000000000000000000000
0000000000000000000000000000
0000000000000000000000000000
0000000000000000000000000000
0000000000000000000000000000
0000000000000000000000000000
0000000000000000000000000000
0000010000000000000000000000
0000010000000000000000000000
0000010011111111110000000000
0000010100000000010000000000
0000001000000000010000000000
0000001000000000010000000000
0000001000000000010000000000
0000001000000000010000000000
0000001000000000010000000000
0000001001110000010000000000
0000001000000000010000000000
0000001000000000010000000000
0000001000000000010000000000
0000001000000000010000000000
0000001111111100010000000000
0000001000000000010000000000
0000001000000000010000000000
0000001000000000010000000000
0000001000000000110000000000
0000000000000000000000000000
