0000000000000000000000000000
0000000000000000000000000000
0000000000000000000000000000
0000000000000000000000000000
0000000000000000000000000000
0000000000000000000000000000
0000000000000000000000000000
0000000111111111110000000000
0000000011000000010000000000
0000000010000000010000000000
0000000010000000010000000000
0000000010000000010000000000
0000000010000000010000000000
0000000011111111110000000000
0000000010000000010000000000
0000000010000000010000000000
0000000010000000010000000000
0000000010000000010000000000
0000000010000000010000000000
0000000011111111110000000000
0000000110000000010000000000
0000000100000000010000000000
0000000100000000010000000000
0000001000000000110000000000
0000011000000011100000000000
0000000000000001100000000000
0000000000000000000000000000
0000000000000000000000000000
