0000000000000000000000000000
0000000000000001111110000000
0000000001111111000010000000
0000000111000000000010000000
0000000100000000000010000000
0000000100000000000010000000
0000000100000000000010000000
0000000100000000000010000000
0000000100011110000010000000
0000000111100000000010000000
0000000100000000000010000000
0000000100000000000010000000
0000000100000000000010000000
0000000100000000000010000000
0000001011111110000010000000
0000001000000000000010000000
0000010000000000000010000000
0000110000000000000010000000
0000100000000000000010000000
0001000000000000000010000000
0010000000000000000010000000
0100000000000001000010000000
1000000000000001100010000000
0000000000000000110110000000
0000000000000000001100000000
0000000000000000000000000000
0000000000000000000000000000
0000000000000000000000000000
