0000000000000000000110000000
0000000000000011111110000000
0000000000111100000010000000
0000000111000000000010000000
0000000110000000000010000000
0000000010000000100010000000
0000000001011111100010000000
0000000001110000000010000000
0000000001000000000010000000
0000000001000000000010000000
0000000001000000000010000000
0000000001001111110010000000
0000000001110000011010000000
0000000001000000000010000000
0000000001000000000010000000
0000000001000000000010000000
0000000001000000000010000000
0000000011000000000010000000
0000000010000000000010000000
0000000010000000000010000000
0000000010000000000010000000
0000000110000000000010000000
0000001100000000000010000000
0000011000000000011010000000
0000010000000000001010000000
0000000000000000001110000000
0000000000000000000110000000
0000000000000000000000000000
