0000000000000000000000000000
0000000000000000000000000000
0000000000000000000000000000
0000000000000000000000000000
0000000000000000000000000000
0000000000000011111000000000
0000000000000111111100000000
0000000000011111111000000000
0000000000011111001000000000
0000000000011110001100000000
0000000000011000001000000000
0000000000011000001100000000
0000000000010000001000000000
0000000000011111101000000000
0000000000010111001100000000
0000000000010111101000000000
0000000000011000001000000000
0000000000011000001100000000
0000000000010000001000000000
0000000000011000001100000000
0000000000010111111000000000
0000000000010111111000000000
0000000000011111111100000000
0000000000010000001000000000
0000000000011000001100000000
0000000000011000001000000000
0000000000010000000000000000
0000000000000000000000000000
