0000111111111111111100000000
0001111111111111111100000000
0001111111000000111100000000
0011111000000000111100000000
0011110000000000111100000000
0011110000000000111100000000
0011110000000000111110000000
0011110000000001011110000000
0011111111111111111110000000
0011111111111111111110000000
0001111111111111111110000000
0001111111111111011110000000
0001111000000000011110000000
0001111000000000011110000000
0001111011111111111111000000
0001111111111111111111000000
0001111111111111111111000000
0001111111111111111111000000
0011111110000000001111000000
0011111100000000001111000000
0011110000000000001111000000
0011110000001000001111000000
0111110000011110001111000000
0111110000111111101111000000
0011100000011111111111000000
0000000000001111111111000000
0000000000000111111111000000
0000000000000000111111000000
