0000000000000000000000000000
0000000000000000000000000000
0000001111111111111000000000
0000011111111111111100000000
0000011111111111111100000000
0000001110000000011110000000
0000001110000000001110000000
0000001110000000001110000000
0000001111111111001110000000
0000001111111111101110000000
0000001111111111101110000000
0000001110000000001110000000
0000001110000000001110000000
0000001110111111111111000000
0000001111111111111111000000
0000001110111111111111000000
0000011110000000000111000000
0000011110000000000111000000
0000011100000000000111000000
0000111100000000000111000000
0001111100000000000111000000
0011111000000000000111000000
0011110000000000110111000000
0001000000000001111111000000
0000000000000000111111000000
0000000000000000111110000000
0000000000000000000000000000
0000000000000000000000000000
