0000000000000000000000000000
0000000000000000000000000000
0000000000001111110000000000
0000000000111000010000000000
0000000001100000011000000000
0000000110000000001000000000
0000000010000000001000000000
0000000010000000001000000000
0000000011000000001100000000
0000000001000000000100000000
0000000001011100000100000000
0000000001110000000100000000
0000000001000000000110000000
0000000001000000000010000000
0000000001000000000010000000
0000000001000111100010000000
0000000001011100000010000000
0000000001110000000010000000
0000000001100000000010000000
0000000001000000000010000000
0000000001000000000010000000
0000000011000000000010000000
0000000010000001100010000000
0000000110000000110010000000
0000001100000000011110000000
0000000000000000000110000000
0000000000000000000000000000
0000000000000000000000000000
