0000011111111111111111111100
0000111111111111111111111110
0000111111111111111111111110
0000111100000000000000001110
0000111000000000000000001110
0000111000000000000000001110
0001111000000000000000001110
0001110000000000000000001110
0001111111111111110000001110
0001111111111111111111111110
0011111111111111111111111110
0011100000000000011111111110
0011100000000000000000011100
0111100000000000000000011100
0111111111111111111111111110
0111111111111111111111111111
0111111111111111111111111111
1111000000000000000000111000
1110000000000000000000111000
1110000000000000100000111000
1110000000000001110001111000
1110000000000001111001111000
1100000000000001111001110000
1100000000000000111101110000
1100000000000000011111110000
1100000000000000011111110000
1100000000000000001111110000
1100000000000000000111110000
