0000000000000000000000000000
0000000000000000000000000000
0000000000000000000000000000
0000000000000000000000000000
0000000000000000000000000000
0000000000000000000000000000
0000000000000000000000000000
0000000000011111000000000000
0000000000010001000000000000
0000000000010001000000000000
0000000000110001000000000000
0000000000100001100000000000
0000000000111110100000000000
0000000000100000100000000000
0000000001111110100000000000
0000000001110010100000000000
0000000111000000100000000000
0000000110000001100000000000
0000000000000001100000000000
0000000000000000000000000000
0000000000000000000000000000
0000000000000000000000000000
0000000000000000000000000000
0000000000000000000000000000
0000000000000000000000000000
0000000000000000000000000000
0000000000000000000000000000
0000000000000000000000000000
