0000000000000000000000000000
0000000111111111100000000000
0000101111111111110000000000
0001110111111111110000000000
0001110000000001110000000000
0011110000000001110000000000
0011110000000001110000000000
0011100000000001110000000000
0011100000000001110000000000
0011101111000001110000000000
0011111111100001110000000000
0011101111100001110000000000
0111100000000001110000000000
0111100000000001110000000000
0111000000000001110000000000
0111111100000001110000000000
0111111110000011110000000000
0111111110000011110000000000
1111000000000011100000000000
1111000000000011100000000000
1110000000000011100000000000
1110000000000111100000000000
1110000000001111100000000000
1110000000011111100000000000
1110000000011110000000000000
1100000000000000000000000000
1100000000000000000000000000
1100000000000000000000000000
