0000000000000000000000000000
0000000000000000000000000000
0000000000000000000000000000
0000000001111111111000000000
0000000000000000001100000000
0000000010000000000100000000
0000000010000000000100000000
0000000010000000000100000000
0000000010000000000100000000
0000000010000000000100000000
0000000011111110000100000000
0000000010000000000100000000
0000000110000000000100000000
0000000100000000000100000000
0000000100000000000100000000
0000000111111110000100000000
0000000110000000000100000000
0000001100000000000100000000
0000001000000000000100000000
0000001000000000000100000000
0000011000000000000100000000
0000110000000001000100000000
0000000000000001100100000000
0000000000000000100100000000
0000000000000000110100000000
0000000000000000011100000000
0000000000000000001100000000
0000000000000000001100000000
