0000000000000000000000000000
0000000000000000000000000000
0000000111111111111110000000
0000000100000000000010000000
0000000100000000000010000000
0000000100000000000010000000
0000000100000000000010000000
0000000100000000000010000000
0000000111111111111110000000
0000000100000000000010000000
0000000100000000000010000000
0000000100000000000010000000
0000000100000000000010000000
0000000100000000000010000000
0000001111111111111110000000
0000001000000000000010000000
0000001000000000000010000000
0000001000000010000010000000
0000010000000001000010000000
0000010000000001100010000000
0000110000000000100010000000
0000100000000000010010000000
0001100000000000001010000000
0001000000000000001010000000
0000000000000000000110000000
0000000000000000000100000000
0000000000000000000000000000
0000000000000000000000000000
