0000000000000000000000000000
0000000000000000000000000000
0000000000000000000000000000
0000000000000000000000000000
0000000000000000000000000000
0000000000000000000000000000
0000000000011111000000000000
0000000000100001000000000000
0000000000100001000000000000
0000000000100001000000000000
0000000000111111000000000000
0000000000100001000000000000
0000000000111111000000000000
0000000001100001000000000000
0000000001000001000000000000
0000000111000001000000000000
0000000000000101000000000000
0000000000000111000000000000
0000000000000000000000000000
0000000000000000000000000000
0000000000000000000000000000
0000000000000000000000000000
0000000000000000000000000000
0000000000000000000000000000
0000000000000000000000000000
0000000000000000000000000000
0000000000000000000000000000
0000000000000000000000000000
