0000000000000000000000000000
0000000000000000000000000000
0000000000000000000000000000
0000000001111111111111110000
0000000001000000000000010000
0000000001000000000000010000
0000000001000000000000010000
0000000001000000000000010000
0000000001000000000000010000
0000000001000000000000010000
0000000001011111111111110000
0000000001110000000000010000
0000000010000000000000010000
0000000010000000000000010000
0000000010000000000000010000
0000000010000000000000010000
0000000010000000000000010000
0000000011011100000000010000
0000000100000011111111110000
0000000100000000000000010000
0000000100000000000000010000
0000000100000000000000010000
0000001000000000011000010000
0000001000000000001000010000
0000001000000000001100010000
0000001000000000000010010000
0000010000000000000010010000
0000110000000000000011110000
