0000000000000000000000000000
0000000001111111110000000000
0000000011111111111000000000
0000000011111111111000000000
0000000111000000111000000000
0000000111000000111000000000
0000000111000000111000000000
0000000111111100111000000000
0000000111111110111000000000
0000000111111110111000000000
0000000111000000111000000000
0000000111111111111000000000
0000001111111111111000000000
0000001111111111111000000000
0000001110000001111000000000
0000001110000001110000000000
0000011110000001110000000000
0000011110000001110000000000
0000011100000001110000000000
0000111100000001110000000000
0001111100000001110000000000
0011111000001101110000000000
0111100000011111110000000000
0011100000001111110000000000
0000000000001111110000000000
0000000000000011110000000000
0000000000000001110000000000
0000000000000000000000000000
