0000000000000000000000000000
0000000000000000000000000000
0000000000000000000000000000
0000000000000000000000000000
0000000000011111110000000000
0000000001110000010000000000
0000000011000000010000000000
0000000010000000010000000000
0000000010000000010000000000
0000000010000000010000000000
0000000011111111110000000000
0000000010000000010000000000
0000000010000000010000000000
0000000010000000010000000000
0000000111111111110000000000
0000000110000000010000000000
0000000100000000010000000000
0000000100000000010000000000
0000000100000000011000000000
0000001100000000001000000000
0000001000000000001000000000
0000011000000001101000000000
0000010000000000111000000000
0000000000000000000000000000
0000000000000000000000000000
0000000000000000000000000000
0000000000000000000000000000
0000000000000000000000000000
