0000000000000000000000000000
0000000000000000000000000000
0000000000000000000000000000
0000000000000000000000000000
0000000000000000000000000000
0000000000000001111000000000
0000000000011110001000000000
0000000001110000001000000000
0000000001000000001000000000
0000000001000000001000000000
0000000001000000001100000000
0000000001000000000100000000
0000000011111111111100000000
0000000010000000000100000000
0000000010000000000100000000
0000000010000000000100000000
0000000010000000000100000000
0000000111111111111100000000
0000000100000000000100000000
0000001100000000000100000000
0000001000000000000100000000
0000011000000000000100000000
0000000000000000110100000000
0000000000000000010100000000
0000000000000000001100000000
0000000000000000000000000000
0000000000000000000000000000
0000000000000000000000000000
