0000000000000000000000000000
0000000000000000000000000000
0000000000000000000000000000
0000000000000000000000000000
0000000000011110000000000000
0000111111100011000000000000
0000010000000001000000000000
0000010000000001000000000000
0000010000000001000000000000
0000010000000001000000000000
0000100000000001000000000000
0000100000000001000000000000
0000100001111101000000000000
0001011111000001000000000000
0001000000000001000000000000
0001000000000001000000000000
0001000000000001000000000000
0001110000000001000000000000
0010001111110001000000000000
0010000000000001000000000000
0010000000000001000000000000
0010000000000001000000000000
0010000000001001000000000000
0100000000001101000000000000
0100000000000011000000000000
0000000000000011000000000000
0000000000000000000000000000
0000000000000000000000000000
