0000000000000000000000000000
0000000000000000000000000000
0000000000000000000000000000
0000000000000000000000000000
0000000001001001000000000000
0000000000000000000000000000
0000001000000000000000000000
0000000000000001000000000000
0000000000000000000000000000
0000000000000000000000000000
0000000001010001000000000000
0000001000000000000000000000
0000000000000000000000000000
0000000000000001000000000000
0000001000000000000000000000
0000000001000000000000000000
0000000000000001000000000000
0000001000000000000000000000
0000000000000010000000000000
0000001000000000000000000000
0000000000000010000000000000
0000000000000000000000000000
0000000000000000000000000000
0000000000000000000000000000
0000000000000000000000000000
0000000000000000000000000000
0000000000000000000000000000
0000000000000000000000000000
