0000000000000000000000000000
0000000000000000000000000000
0000000000000000000000000000
0000000000000110000000000000
0000000000001111111000000000
0000000000001111111100000000
0000000000001111111000000000
0000000000001100001000000000
0000000000011100001100000000
0000000000001100001000000000
0000000000011100001100000000
0000000000011000001000000000
0000000000011000001000000000
0000000000011011111100000000
0000000000111011111000000000
0000000000110011111000000000
0000000000111011001100000000
0000000000110000001000000000
0000000000110000001100000000
0000000000111000001000000000
0000000001111100001000000000
0000000001111110001100000000
0000000001111111101000000000
0000000001101111111100000000
0000000011100011111100000000
0000000001100001111100000000
0000000001000000111100000000
0000000011000000011000000000
