0000000000000000000000000000
0000000000000000000000000000
0000000000000000000000000000
0000000000000000000000000000
0000000000111111000000000000
0000000111100001000000000000
0000000100000001000000000000
0000000100000000100000000000
0000000100000000100000000000
0000000100000000100000000000
0000000100000000100000000000
0000000101111000100000000000
0000001111000000100000000000
0000001000000000100000000000
0000001000000000100000000000
0000001000111110100000000000
0000001011100000100000000000
0000010000000000100000000000
0000010000000000100000000000
0000010000000000100000000000
0000100000000000100000000000
0000100000000000100000000000
0000100000000000100000000000
0001100000000000100000000000
0001000000000110100000000000
0001000000000011100000000000
0000000000000001100000000000
0000000000000000000000000000
