0000000000000000000000000000
0000000000000000000000000000
0000000000000000000000000000
0000000000000000000000000000
0000000000000000000000000000
0000000000000000000000000000
0000000011011111111000000000
0000000001110000001000000000
0000000001000000001000000000
0000000001000000001000000000
0000000001001111001000000000
0000000001111000001000000000
0000000001000000001000000000
0000000001000000001000000000
0000000001000000001000000000
0000000010000000001000000000
0000011111111000001000000000
0000000010000000001000000000
0000000110000000111000000000
0000000100000000011000000000
0000000100000000011100000000
0000000100000000001100000000
0000000100000000000000000000
0000000000000000000000000000
0000000000000000000000000000
0000000000000000000000000000
0000000000000000000000000000
0000000000000000000000000000
