0000000000000000000000000000
0000000000000000000000000000
0000000000000000000000000000
0000000000000000000000000000
0000000000000000000000000000
0000000000000000000000000000
0000000101111111100000000000
0000000100000000011100000000
0000000100000000000100000000
0000001000000000000100000000
0000001000000000000100000000
0000001000000000000100000000
0000001011111110000100000000
0000010000000000000100000000
0000010000000000000100000000
0000011111111111111111100000
0000010000000000000100000000
0000010000000000000100000000
0000100000000000000100000000
0000100000000000000100000000
0000100000000000000100000000
0000100000000000000100000000
0000000000000000001100000000
0000000000000000011000000000
0000000000000000001000000000
0000000000000000000000000000
0000000000000000000000000000
0000000000000000000000000000
