0000000000000000000000000000
0000000000000000000000000000
0000000000000000000000000000
0000000001111110000000000000
0000011110000010000000000000
0000010000000010000000000000
0000010000000010000000000000
0000010000000010000000000000
0000010000000010000000000000
0000010000000010000000000000
0000011111100010000000000000
0000010000000010000000000000
0000010000000010000000000000
0000100000000010000000000000
0000101111100010000000000000
0000100000011110000000000000
0000100000000010000000000000
0001000000000010000000000000
0001000000000010000000000000
0010000000000010000000000000
0010000000000010000000000000
0100000000010010000000000000
1100000000001010000000000000
0000000000001010000000000000
0000000000000110000000000000
0000000000000010000000000000
0000000000000010000000000000
0000000000000000000000000000
