0000000000000000000000000000
0000000000000000000000000000
0000010101010100000000000000
0000010000000110000000000000
0000010000000010000000000000
0000010000000100000000000000
0000011010101010000000000000
0000010000000100000000000000
0000010000000100000000000000
0000010000000010000000000000
0000010000000100000000000000
0000011010101100000000000000
0000010000000010000000000000
0000010000000100000000000000
0000110000000100000000000000
0000100000000010000000000000
0001000000000100000000000000
0010000000011100000000000000
0000000000000100000000000000
0000000000000000000000000000
0000000000000000000000000000
0000000000000000000000000000
0000000000000000000000000000
0000000000000000000000000000
0000000000000000000000000000
0000000000000000000000000000
0000000000000000000000000000
0000000000000000000000000000
