0000000000000000000000000000
0000000000000000000000000000
0000000000000000000000000000
0000000000000011000000000000
0000000000011101000000000000
0000000000110001100000000000
0000000011000000100000000000
0000000010000000100000000000
0000000010000000100000000000
0000000010000000100000000000
0000000010000000010000000000
0000000010000001010000000000
0000000010111110010000000000
0000000011000000010000000000
0000000010000000010000000000
0000000010000110010000000000
0000000011111100011000000000
0000000010000000001000000000
0000000100000000001000000000
0000000100000000001000000000
0000001000000000001000000000
0000011000000001001000000000
0000010000000001001000000000
0000000000000000101000000000
0000000000000000011000000000
0000000000000000001000000000
0000000000000000000000000000
0000000000000000000000000000
