0000000000000000000000000000
0000000011111111000000000000
0000000111111111111000000000
0000001100110001111100000000
0000001100000000001111000000
0000001100000000000011100000
0000001100000000000001100000
0000001100000000000001100000
0000011100000000000001100000
0000011111111110011111100000
0000011111111111111111110000
0000011000000011111000110000
0000111000000000000000110000
0000110000000000000000110000
0000110000000000000000110000
0000110000000000000000111000
0000111000000000111111111100
0001111111111111111111110000
0001100111111111100000110000
0001100000000000000000110000
0001100000000000000000110000
0011100000000000000000110000
0011000000000000000000110000
0011000000000000000000110000
0111000000000000000000110000
0110000000000000000000110000
0000000000000000000000110000
0000000000000000000000110000
