0000000000000000000000000000
0000000000000000000000000000
0000000000000000000000000000
0000000000000000000000000000
0000000000000000000000000000
0000000000000000000000000000
0000000001111111110000000000
0000000001000000010000000000
0000000001000000010000000000
0000000001100000010000000000
0000000001111111110000000000
0000000001000000010000000000
0000000001000000010000000000
0000000001111111110000000000
0000000011000000010000000000
0000000010000000010000000000
0000000110000000010000000000
0000001100000000010000000000
0000011000000001010000000000
0000000000000001110000000000
0000000000000000000000000000
0000000000000000000000000000
0000000000000000000000000000
0000000000000000000000000000
0000000000000000000000000000
0000000000000000000000000000
0000000000000000000000000000
0000000000000000000000000000
