0000000000000000000000000000
0000000000000000000000000000
0000000000000000000000000000
0000000000000000000000000000
0000000000000000000000000000
0000000000000000000000000000
0000000000000000000000000000
0000000000000000000000000000
0000000000101111100000000000
0000000000111000110000000000
0000000000010000010000000000
0000000000010000010000000000
0000000000010111110000000000
0000000000010000001000000000
0000000000010111101000000000
0000000000011100001000000000
0000000000010000001000000000
0000000000010000001000000000
0000000000110000001000000000
0000000000000001111000000000
0000000000000000110000000000
0000000000000000000000000000
0000000000000000000000000000
0000000000000000000000000000
0000000000000000000000000000
0000000000000000000000000000
0000000000000000000000000000
0000000000000000000000000000
