0000000000000000000000000000
0000000000000000010101010000
0000000111111111111111111000
0000000111111111111111111000
0000000111111111101010111000
0000000111000000000000111000
0000000111000000000000011100
0000000111000000000000111000
0000000011100000101010011100
0000000111011111111110111000
0000000011111111111110011100
0000000111111111101010111000
0000000011000000000000011100
0000000111100000001001111000
0000000011111111111111111100
0000000111111111111111111000
0000000011011111110110111000
0000000111100000000000111100
0000000111000000000000011000
0000011111000000000000111000
0001111111000000000000111100
0001111111000000000100011000
0000100100000000001110111000
0000000000000000001111011100
0000000000000000000111111000
0000000000000000000011111000
0000000000000000000011111000
0000000000000000000000110000
