0000000000000000000000000000
0000000000000111100000000000
0000000000111100100000000000
0000000011100000110000000000
0000000100000000011000000000
0000000110000000001000000000
0000000010000000001000000000
0000000010000000000100000000
0000000010000010000100000000
0000000010001110000100000000
0000000011110000000100000000
0000000010000000000110000000
0000000010000000010010000000
0000000010000111100010000000
0000000010011100000010000000
0000000010110000000010000000
0000000010100000000010000000
0000000010000000000010000000
0000000110000000000110000000
0000000100000000000100000000
0000001100000010000100000000
0000011000000010001100000000
0000000000000011001000000000
0000000000000001101000000000
0000000000000000111000000000
0000000000000000000000000000
0000000000000000000000000000
0000000000000000000000000000
