0000000000000000000000000000
0000000000000000000000000000
0000000000000000000000000000
0000000000000000000000000000
0000000000000000000000000000
0000000000000001110000000000
0000000000011110011000000000
0000000001110000001000000000
0000000001000000001000000000
0000000001000000001000000000
0000000001000000001000000000
0000000001000000001000000000
0000000010000000001000000000
0000000010000000001000000000
0000000010111000001000000000
0000000100000000001000000000
0000000100000000001000000000
0000000101111100001000000000
0000001000000000001000000000
0000001000000000001000000000
0000010000000000001000000000
0000110000000010001000000000
0000000000000011001000000000
0000000000000000111000000000
0000000000000000011000000000
0000000000000000000000000000
0000000000000000000000000000
0000000000000000000000000000
