0000000000000000000000000000
0000000000000000000000000000
0000000000000000000000000000
0000000000001110000000000000
0000000001111011000000000000
0000000001000001000000000000
0000000001000001000000000000
0000000001000000100000000000
0000000001000000100000000000
0000000001000000100000000000
0000000001111110100000000000
0000000010000000010000000000
0000000010000000010000000000
0000000011111100010000000000
0000000010000000010000000000
0000000100000000010000000000
0000000100000000010000000000
0000000100000000010000000000
0000000100000010010000000000
0000001100000011010000000000
0000001000000001110000000000
0000000000000000000000000000
0000000000000000000000000000
0000000000000000000000000000
0000000000000000000000000000
0000000000000000000000000000
0000000000000000000000000000
0000000000000000000000000000
