0000000000000000000000000000
0000000000000000000000000000
0000000000000000000000000000
0000000000000000000000000000
0000000000000000000000000000
0000000000000000000000000000
0000000000000101110000000000
0000000001111010010000000000
0000000001000000001000000000
0000000001000000001000000000
0000000001000000001000000000
0000000001000000001000000000
0000000001000000010000000000
0000000001000101001000000000
0000000001111010010000000000
0000000010000000001000000000
0000000010000000010000000000
0000000010111111001000000000
0000000100000000010000000000
0000000100000000001000000000
0000000100000000010000000000
0000001000000000001000000000
0000010000000010010000000000
0001100000000001110000000000
0001000000000000000000000000
0000000000000000000000000000
0000000000000000000000000000
0000000000000000000000000000
