0000000111111111000000000000
0000000111111111100000000000
0000000111111111100000000000
0000001111000011100000000000
0000001111000011100000000000
0000001110000011100000000000
0000001110000011100000000000
0000001110111111100000000000
0000001111111111100000000000
0000001111111111100000000000
0000001111100011100000000000
0000001110000011100000000000
0000001110000011100000000000
0000001110000111100000000000
0000001110111111100000000000
0000011111111111100000000000
0000011111111111100000000000
0000011111110011100000000000
0000011100000011100000000000
0000011100000011100000000000
0000011100000011100000000000
0000111100010011100000000000
0001111000111011100000000000
0011111000111111100000000000
0011110000011111100000000000
0011100000011111100000000000
0001100000000111100000000000
0000000000000111100000000000
