0000000000000000000000000000
0000000000000000000000000000
0000000000000000000000000000
0000000011111111000000000000
0000000010000001000000000000
0000000010000001000000000000
0000000011110001000000000000
0000000010011111000000000000
0000000010000001000000000000
0000000110000001000000000000
0000000111111111000000000000
0000000100000001000000000000
0000001000000001000000000000
0000001000000001000000000000
0000010000000001000000000000
0000110000000001000000000000
0000100000000101000000000000
0001100000000101000000000000
0001000000000011000000000000
0000000000000010000000000000
0000000000000000000000000000
0000000000000000000000000000
0000000000000000000000000000
0000000000000000000000000000
0000000000000000000000000000
0000000000000000000000000000
0000000000000000000000000000
0000000000000000000000000000
