0000000000000000000000000000
0000000000000000000000000000
0000000000000000000000000000
0000000000000000000000000000
0000000011111111110000000000
0000000000000000011100000000
0000000010000000000100000000
0000000110000000000100000000
0000000100000000000100000000
0000000100000000000100000000
0000000100000000000100000000
0000001000111100000010000000
0000001011100000000010000000
0000001000000000000010000000
0000001000000000000010000000
0000011000000000001010000000
0000010111111111111010000000
0000010000000000000010000000
0000110000000000000010000000
0000100000000000000010000000
0001100000000000000010000000
0001000000000000000010000000
0000000000000001100010000000
0000000000000000110011000000
0000000000000000010001000000
0000000000000000011001000000
0000000000000000001111000000
0000000000000000000000000000
