0000000000000000000000000000
0000000010000000000000000000
0000000011111111111110000000
0000000111111111111111000000
0000000011111111111111000000
0000000111100000000011100000
0000000011000000000111000000
0000000111100000000011100000
0000000011000000000011100000
0000000111101011111111100000
0000000011111111111111100000
0000000111111111111111100000
0000000111010100000011100000
0000000011000000000011100000
0000000111010010101011100000
0000000111111111111111100000
0000000111111111111111100000
0000000111111101010111100000
0000000111000000000011100000
0000001110000000000011100000
0000001110000000000011100000
0000011110000000000011100000
0000011100000000000111000000
0000011000000000011011100000
0000000000000000011111000000
0000000000000000011111000000
0000000000000000001110000000
0000000000000000000000000000
