0000000000000000000000000000
0000000011111111111000000000
0000001111111111111100000000
0000001111111111111100000000
0000001111000000011100000000
0000001110000000011100000000
0000001110000000011100000000
0000001111111111011100000000
0000001111111111111100000000
0000001111111111111100000000
0000001110000000011100000000
0000001110000000011100000000
0000001110000000011100000000
0000001111110000011100000000
0000001111111111111100000000
0000001111111111111100000000
0000001110011111111100000000
0000001110000000111100000000
0000001110000000111100000000
0000011110000000111000000000
0000011100000110111000000000
0000111100001111111000000000
0000111100000111111000000000
0001111000000111111000000000
0011111000000111111000000000
0011110000000001111000000000
0001100000000001111000000000
0000000000000001111000000000
