0000000000000000000000000000
0000000000000000000000000000
0000000000111111111100000000
0000000011111111111110000000
0000000111111111111110000000
0000000111000000001110000000
0000000111000000001110000000
0000000111000000001110000000
0000000111000000001110000000
0000000111000011111110000000
0000000111111111111110000000
0000000111111111111110000000
0000000111111110001110000000
0000000111000000001110000000
0000000111011111111110000000
0000000111111111111110000000
0000000111111111111110000000
0000000111110000001110000000
0000001111000000001110000000
0000001111000000101111000000
0000011110000001111111000000
0000011110000001111111000000
0000111100000001111111000000
0001111000000000111111000000
0001111000000000111111000000
0000000000000000000111000000
0000000000000000000000000000
0000000000000000000000000000
