0000000000000000000000000000
0000000000000000000000000000
0000000000000000000000000000
0000000000000000000000000000
0000000011111111111000000000
0000000010000000001000000000
0000000010000000001000000000
0000000010000000001000000000
0000000010000000001000000000
0000000010000000001000000000
0000000110000000001000000000
0000000100010000010000000000
0000000111110000010000000000
0000000100000000010000000000
0000000100000000010000000000
0000000100000000010000000000
0000000111111100010000000000
0000001000000000010000000000
0000001000000000010000000000
0000001000000000010000000000
0000001000000000010000000000
0000001000000000010000000000
0000010000001000010000000000
0000010000000100010000000000
0000010000000011010000000000
0000010000000000110000000000
0000100000000000010000000000
0000000000000000000000000000
