0000000000000000000000000000
0000000000000000000000000000
0000000000000000000000000000
0000000000000000000000000000
0000000000000111111000000000
0000000111111000001000000000
0000000100000000001000000000
0000000100000000001000000000
0000000100000000001000000000
0000000100000000001000000000
0000000100000011111000000000
0000000101111100001000000000
0000000101000000001000000000
0000000100000000001000000000
0000000100000000001000000000
0000000111100000001000000000
0000000100011111111100000000
0000000100000000001000000000
0000000100000000001000000000
0000000100000000001000000000
0000000100000000001000000000
0000000100000000001000000000
0000000100000000101000000000
0000001100000000111000000000
0000001100000000011000000000
0000000000000000001000000000
0000000000000000000000000000
0000000000000000000000000000
