0000000000000000000000000000
0000000000000000000000000000
0000000000000000000000000000
0000000000000000000000000000
0000000000001111110000000000
0000000011111000010000000000
0000000011000000010000000000
0000000010000000010000000000
0000000110000000010000000000
0000000100000000010000000000
0000000100011111010000000000
0000001100110000010000000000
0000001000000000010000000000
0000011000000000010000000000
0000010001111111010000000000
0000110000000000010000000000
0000100000000000010000000000
0001000000000000010000000000
0011000000000000010000000000
0000000000000000010000000000
0000000000000010010000000000
0000000000000011110000000000
0000000000000001100000000000
0000000000000000000000000000
0000000000000000000000000000
0000000000000000000000000000
0000000000000000000000000000
0000000000000000000000000000
