0000000000000000000000000000
0000000000000000000000000000
0000000000000000000000000000
0000000000000000000000000000
0000000000111111000000000000
0000111111000001000000000000
0000001000000001000000000000
0000001000000000100000000000
0000001000000000100000000000
0000001000000000100000000000
0000001000000001111100000000
0000001001111110100100000000
0000001010000000100000000000
0000001000000000100000000000
0000001000000000100000000000
0000011000000111100000000000
0000010011111000100000000000
0000010000000000100000000000
0000100000000000100000000000
0000100000000000100000000000
0001000000000010100000000000
0011000000000010100000000000
0110000000000011100000000000
0100000000000001100000000000
0000000000000001100000000000
0000000000000001100000000000
0000000000000001100000000000
0000000000000000100000000000
