0000000000000000000000000000
0000000000000000000000000000
0000000000000000000000000000
0000000000000000000000000000
0000000000111111111000000000
0000001111100000001000000000
0000010000000000001000000000
0000010000000000001000000000
0000010000000000001000000000
0000010111000000001000000000
0000010001111111001000000000
0000010000000000001000000000
0000010000000000001000000000
0000010000000000001000000000
0000010000000000001000000000
0000010000000000001000000000
0000110111111111110000000000
0000100000000000010000000000
0000100000000000010000000000
0001100000000000010000000000
0001000000000000010000000000
0001000011000000110000000000
0010000001100000100000000000
0010000000110000100000000000
0010000000011001000000000000
0000000000001101000000000000
0000000000000111000000000000
0000000000000000000000000000
