0000000000000000000000000000
0000000011111111111000000000
0000000111111111111110000000
0000000111111111111111000000
0000000111000000001111000000
0000000111000000000111000000
0000000111000000000111000000
0000000111111111111111000000
0000000111111111111111000000
0000000111111111111111000000
0000000111000000000111000000
0000000111000000000111000000
0000000111111111111111000000
0000000111111111111111000000
0000000111111111111111000000
0000001111000000000111000000
0000001111000000000111000000
0000001110000000000111000000
0000011110000000100111000000
0000011110000001110111000000
0000111100000001111111000000
0000111100000000111111000000
0001111000000000011111000000
0001110000000000011111000000
0000000000000000000100000000
0000000000000000000000000000
0000000000000000000000000000
0000000000000000000000000000
