0000000000000000000000000000
0000000000011111110000000000
0000000011110000010000000000
0000000100000000010000000000
0000000100000000011000000000
0000000100000000001000000000
0000000100000000001000000000
0000000010011110001000000000
0000000011100000001100000000
0000000010000000000100000000
0000000010000000000100000000
0000000010000000000100000000
0000000010000000000100000000
0000000010000000000100000000
0000000010000000000100000000
0000000111111111000100000000
0000000101000000000100000000
0000000100000000000100000000
0000000100000000000100000000
0000000100000000000100000000
0000001100001000000100000000
0000011000001100001100000000
0000000000000110001000000000
0000000000000011111000000000
0000000000000000110000000000
0000000000000000000000000000
0000000000000000000000000000
0000000000000000000000000000
