0010001000100010001000100010
0100100101001001010010010100
0010010000100100001001000001
0100100101001001100100101010
0010001000100101011001000000
0100100101010101010100010101
0010010010101000101001001000
0100001001010010001010010010
0010100101001001010001000100
0100010001010010010100100010
0001001010100100101010010100
0100100001010010010001000010
0010010100101001001100010100
1001000010110110101001000010
0010010100101000100100101000
0100100010100110010100010010
0001001001011001010010100100
0100010010100100010100001001
0010100100100010101001010010
1000001001010100010100001000
0010100101000011001001010010
0100010010101001010100100001
0010100100000101010010001010
0100010010101000101001010000
0010001000010010110100001010
0100100010100100010101010010
0010010100010001001000100100
0100100010001010010010001001
