0000000000000000000000000000
0000000000000000000000000000
0000000000000000000000000000
0000000001111111111100000000
0000000010000000000100000000
0000000010000000000100000000
0000000010000000000110000000
0000000010000000000010000000
0000000110000000000010000000
0000000100000000000010000000
0000000100001111111010000000
0000000111110000000010000000
0000000100000000000010000000
0000000100000000000010000000
0000000100000000000010000000
0000000100000000000010000000
0000001111111111111110000000
0000001000000000000010000000
0000001000000000000010000000
0000010000000000000010000000
0000010000000110000010000000
0000000000000001000010000000
0000000000000000100010000000
0000000000000000010010000000
0000000000000000001010000000
0000000000000000001110000000
0000000000000000000010000000
0000000000000000000000000000
