0000000000000000000000000000
0000000000000000000000000000
0000001001111111111111100000
0000011111111111111111110000
0000011111111111111111110000
0000011111100000000001110000
0000011100000000000001110000
0000011100000000000001110000
0000011100000000000001110000
0000011111111111111101110000
0000011111111111111111110000
0000011111111111111111110000
0000011100000000000001110000
0000011100000000000001110000
0000011100111111111101110000
0000011111111111111111110000
0000011111111111111111110000
0000111111100000000001110000
0000111100000000000001110000
0000111000000000000011110000
0000111000000000001111110000
0000111000000000011111100000
0000011000000000001111100000
0000000000000000001111100000
0000000000000000000000000000
0000000000000000000000000000
0000000000000000000000000000
0000000000000000000000000000
