0000000000000000000000000000
0000000000000000000000000000
0000000011111111110000000000
0000000010000000010000000000
0000000010000000011000000000
0000000010000000001000000000
0000000010000000001000000000
0000000010000000001000000000
0000000011111110001000000000
0000000010000000001000000000
0000000010000000001000000000
0000000010000000001000000000
0000000010011111001000000000
0000000010110000001000000000
0000000010000000001000000000
0000000100000000001000000000
0000001100000000001000000000
0000011000000000001000000000
0000110000000000001000000000
0001100000000000001000000000
0000000000000001001000000000
0000000000000001101000000000
0000000000000000111000000000
0000000000000000000000000000
0000000000000000000000000000
0000000000000000000000000000
0000000000000000000000000000
0000000000000000000000000000
