0000000000000111111000000000
0000001111111111111100000000
0000011111111111111100000000
0000111111111110011100000000
0001111100000000011100000000
0000111000000000011100000000
0000111000000000011100000000
0000111000011000011100000000
0000111111111100011100000000
0000011111111100011100000000
0000011111111000011100000000
0000011100001100011100000000
0000011100011110011100000000
0000011111111110011100000000
0000111111111000011100000000
0000111111111000011100000000
0000111000000000011100000000
0000111000000000011100000000
0000111000000000011100000000
0000111000000000011100000000
0000111000000000011100000000
0000111000000000011100000000
0001111000000000111100000000
0001110000000001111100000000
0001110000000001111110000000
0001110000000001111110000000
0001110000000000111110000000
0000110000000000111110000000
