0000000000000000000000000000
0000001111111111100000000000
0000011111111111110000000000
0000001111111111110000000000
0000001110000001110000000000
0000001110000001110000000000
0000001110000001111000000000
0000001110111111111000000000
0000001111111111111000000000
0000001111111111111000000000
0000001111110000111000000000
0000001110000000111100000000
0000001110000000111100000000
0000001110000001111100000000
0000001111111111111100000000
0000001111111111111100000000
0000001111111111111100000000
0000001110000000011100000000
0000001110000000011100000000
0000001110000110011110000000
0000011110001111001110000000
0000011110000111101110000000
0000011100000111111110000000
0000111100000001111110000000
0000111100000001111110000000
0001111000000000001110000000
0000111000000000000000000000
0000000000000000000000000000
