0000000000000000000000000000
0000000000000000000000000000
0000000000000011110000000000
0000000001111111111000000000
0000000011111111111000000000
0000000011111111111000000000
0000000011100000111000000000
0000000011100000111000000000
0000000011111100111000000000
0000000011111110111000000000
0000000011111110111000000000
0000000011111000111000000000
0000000111100000111000000000
0000000111111111111000000000
0000000111111111111000000000
0000001111111111111000000000
0000001111000000111000000000
0000000100000000111000000000
0000000000000001111000000000
0000000000000011111000000000
0000000000000011111000000000
0000000000000011111000000000
0000000000000000111000000000
0000000000000000000000000000
0000000000000000000000000000
0000000000000000000000000000
0000000000000000000000000000
0000000000000000000000000000
