0000000000000000000000000000
0000000000000000000000000000
0000000000000000000000000000
0000000000011111100010000000
0000000111100000111110000000
0000000011000000000010000000
0000000001000000000010000000
0000000001000000000010000000
0000000001000001100010000000
0000000001111110000010000000
0000000001000000000001000000
0000000001000000000001000000
0000000001000000000001000000
0000000011000000000001000000
0000000010011111111101000000
0000000011110000000001000000
0000000010000000000001000000
0000000010000000000001000000
0000000110000000000001000000
0000000100000000000001000000
0000001100000000000001000000
0000011000000000100001000000
0000110000000000110001000000
0000000000000000011001000000
0000000000000000001101000000
0000000000000000000111000000
0000000000000000000010000000
0000000000000000000000000000
