0000000000000000000000000000
0000000000000000000000000000
0000000000000000000000000000
0000000000000000000000000000
0000000000000000000000000000
0000000000000000000000000000
0000000000000001110000000000
0000000001001111011000000000
0000000001101000001000000000
0000000000100000001000000000
0000000000100000001000000000
0000000000100000001000000000
0000000001111110001000000000
0000000000100000001000000000
0000000000100000001000000000
0000000000110000001000000000
0000000000111111111110000000
0000000000100000001000000000
0000000001100000001000000000
0000000001000000001000000000
0000000001000000001000000000
0000000010000000001000000000
0000000010000000001000000000
0000000000000000000000000000
0000000000000000000000000000
0000000000000000000000000000
0000000000000000000000000000
0000000000000000000000000000
