0000000000000000000000000000
0000000001111111111000000000
0000001111111111111100000000
0000011111111111111100000000
0000011111000000011100000000
0000111000000000011100000000
0000111100000000011100000000
0000011100000000011100000000
0000011101111111111100000000
0000011111111111111100000000
0000011101111111111100000000
0000011110000000011110000000
0000011110000000001110000000
0000001110000001111110000000
0000001111111111111110000000
0000001111111111111110000000
0000001111111111101110000000
0000001110000000001110000000
0000001110000000001110000000
0000001110000000101110000000
0000011110000001111110000000
0000111110000001111110000000
0001111100000000111110000000
0000111000000000111110000000
0000000000000000001110000000
0000000000000000000000000000
0000000000000000000000000000
0000000000000000000000000000
