0000000000000000000000000000
0000000000000000000000000000
0000000000000000111100000000
0000000001111111111100000000
0000000011111111111100000000
0000000111111111111100000000
0000000111000000011100000000
0000000111000001011100000000
0000000111011111111110000000
0000000111111111101110000000
0000000111111111101110000000
0000000111011000001110000000
0000000111000000001110000000
0000000111000000001110000000
0000000111111111111110000000
0000000111111111111110000000
0000000111111111111110000000
0000001111100000001110000000
0000001111000000001110000000
0000001110000000001110000000
0000001110000000001110000000
0000011110000011001110000000
0000111100000111111110000000
0000111100000011111110000000
0000011000000011111100000000
0000000000000000011100000000
0000000000000000000000000000
0000000000000000000000000000
