0100100100100100100100100101
0010010010010010010010010100
1001001001001001001010101001
0100100110101010101101000100
0010010011100100011100101010
1001001010110010101101010010
0100100011011001001101001001
0010001011001010011100100101
0100100111011001001101010100
0010010011000101011100101010
1001000101010100101101001001
0100100111010010001101010100
0010010011001001011100100010
0100100101010111001101010101
0010001011111101101101001000
1001000111000110111100100101
0010010001011111111101010100
0100100101001000001101001010
0010001001100101011100100100
0100100101101001001101010010
0010010001100100111101010101
1000100101101010010100100100
0010010001100001011110010010
0101000101111111110001001010
0000101000111010001010101001
1010000101000100100100010010
0010101000101001010010100100
1000100101000100010100010010
