0000000000000000000000000000
0000000000000000000000000000
0000000000000000000000000000
0000000000000000000000000000
0001111111111111111100000000
0001000000000000000100000000
0001000000000000000100000000
0001000000000000000100000000
0001000000000000000100000000
0001111111111111111100000000
0001000000000000000100000000
0001000000000000000100000000
0001000000000000000100000000
0001000000000000000100000000
0001000000000000000100000000
0001000000000000000100000000
0001111111111111111100000000
0001000000000000000100000000
0001000000000000000100000000
0001000000000000000100000000
0001000000000000000100000000
0001000000000000000100000000
0001000000000000000100000000
0001000000000000000100000000
0000000000000000000100000000
0000000000000000000000000000
0000000000000000000000000000
0000000000000000000000000000
