0000000000000000000000000000
0000000000000000000000000000
0000000000000000000000000000
0000000000000000000000000000
0000000000000000000000000000
0000000000000000000000000000
0000111111111111000000000000
0001111111111111100000000000
0000100000000001000000000000
0001100000000011000000000000
0000111111111111000000000000
0001111111111111100000000000
0000100000000001000000000000
0001100000000011000000000000
0000100000000001100000000000
0001111111111111000000000000
0001111111111111000000000000
0001100000000001100000000000
0001000000000011000000000000
0011000000000001000000000000
0011000000011111000000000000
0100000000011111000000000000
0000000000000000000000000000
0000000000000000000000000000
0000000000000000000000000000
0000000000000000000000000000
0000000000000000000000000000
0000000000000000000000000000
