0000000000000000000000000000
0000000000000000000000000000
0000000000000000000000000000
0000000000000000000000000000
0000000000000000000000000000
0000000000100000001100000000
0000000000111111111100000000
0000000000010000000100000000
0000000000010000000100000000
0000000000010000000100000000
0000000000011000000100000000
0000000000001011100100000000
0000000000001110000100000000
0000000000001000000100000000
0000000000001011111100000000
0000000000001000000100000000
0000000000001000000100000000
0000000000001000000110000000
0000000000011000000010000000
0000000000010001100010000000
0000000011100000110010000000
0000000110000000001110000000
0000000000000000000010000000
0000000000000000000000000000
0000000000000000000000000000
0000000000000000000000000000
0000000000000000000000000000
0000000000000000000000000000
