0000000000000000000000000000
0000000000000000000000000000
0000000000000000000000000000
0000000000000000000000000000
0000000011111111110000000000
0000000010000000010000000000
0000000100000000010000000000
0000000100000000010000000000
0000000100000000010000000000
0000000100000000010000000000
0000000100000000011000000000
0000000101111100001000000000
0000000100000000001000000000
0000000100000000001000000000
0000000100000000001000000000
0000000100000000001000000000
0000000101111111101000000000
0000001100000000001000000000
0000001000000000001000000000
0000001000000000001000000000
0000011000000000001000000000
0000010000000000001000000000
0000010000001100001000000000
0111100000000100001000000000
0000000000000011001000000000
0000000000000001101000000000
0000000000000000111000000000
0000000000000000000000000000
