0000000000000000000000000000
0000000000000000000000000000
0000001111111111110000000000
0000011111111111111110000000
0000011111111111111111000000
0000011100000000011111000000
0000011100000000000111000000
0000011100000000000111000000
0000011111111111100111000000
0000111111111111110111000000
0000111111111111110111000000
0000111000000000000111000000
0000111000001111111111000000
0000111111111111111111000000
0000111111111111111111000000
0000111111111100000111000000
0000111000000000000111000000
0000111000000000001111000000
0001111000000000001111000000
0001111000000000001110000000
0001110000000001001110000000
0001110000000011111110000000
0011110000000011111110000000
0001110000000001111100000000
0000000000000000111100000000
0000000000000000111100000000
0000000000000000000000000000
0000000000000000000000000000
