0000100001111111111111001111
0001111111111111111000000111
0001111111110000000000000111
0001111111000000000000000011
0001110000000011100000000011
0011110000000111110000000011
0011100000011111110000000011
0011100000111111000000000011
0011100011111100000000000011
0011100111110000000000000011
0011101111100000001110000011
0011101110000000011111000011
0011100000000001111111000011
0111100000000011111100000011
0111000000001111110000000011
0111000000111111000000000011
0111000001111110000000000011
0111000011111000000000000111
1111000111100000000000000111
1110000111000000000000000111
1110000000000000000000000111
1110000000000000000000000111
1110000000000000000000000111
1110000000000000001111000111
1100000000000000011111111111
1100000000000000001111111111
1100000000000000000001111111
1100000000000000000000000000
