0000000000000000000000000000
0000000000000000000000000000
0000000000000000000000000000
0000000000000000000000000000
0000000000000000000000000000
0000000011111111111000000000
0000000000000000001000000000
0000000100000000001000000000
0000000100000000001000000000
0000000100000000001000000000
0000000100000000001000000000
0000000100111000001000000000
0000000111000000001000000000
0000001000000000001000000000
0000001000000000001000000000
0000011000000000011000000000
0000010000000000010000000000
0000111111111100010000000000
0000100000000000010000000000
0000100000000000010000000000
0011000000000000010000000000
0110000000001000010000000000
1000000000000100010000000000
0000000000000010010000000000
0000000000000011010000000000
0000000000000001110000000000
0000000000000000000000000000
0000000000000000000000000000
