0000000000000000000000000000
0000000000000000000000000000
0000000000000000000000000000
0000000000000000000000000000
0000000000011111111111100000
0000000001100000000000100000
0000000000000000000000100000
0000000001000000000000100000
0000000001000000000000100000
0000000001000000000000100000
0000000001000000000000100000
0000000001001111111111110000
0000000001110000000000100000
0000000001000000000000010000
0000000001000000000000010000
0000000010000000000000010000
0000000010000000000000010000
0000000010000000000000010000
0000000010000000000000110000
0000000011111111111111010000
0000000110000000000000010000
0000000100000000000000010000
0000000100000000000100010000
0000001000000000000010110000
0000011000000000000010100000
0000000000000000000001100000
0000000000000000000001100000
0000000000000000000000000000
