0000000111111111100000000000
0000001111111111110000000000
0000011111111111110000000000
0000111000000001110000000000
0000111000000001110000000000
0000111000000001110000000000
0000111000000001110000000000
0000111000000001110000000000
0000111111110001110000000000
0000111111111001110000000000
0000111111111001110000000000
0000111000000001110000000000
0000111000000001110000000000
0000111001110001110000000000
0000111111111001110000000000
0000111111111001110000000000
0001111111100001110000000000
0001111000000001110000000000
0001110000000001110000000000
0011110000000001110000000000
0011110000000001110000000000
0011100000000011110000000000
0011100000000111110000000000
0001100000000011100000000000
0000000000000000000000000000
0000000000000000000000000000
0000000000000000000000000000
0000000000000000000000000000
