0000000000000000000000000000
0000000000000000000000000000
0000000000000000000110000000
0000000000000001111010000000
0000000000000110000010000000
0000000000000000000010000000
0000000000010000000010000000
0000000000010000000010000000
0000000000010000000010000000
0000000000010111100010000000
0000000000011100100010000000
0000000000010000000010000000
0000000000010000000010000000
0000000000010000000010000000
0000000000011111100010000000
0000000000110000000010000000
0000000000010000000010000000
0000000000010000000010000000
0000000000010000100010000000
0000000000100000010010000000
0000000000100000010010000000
0000000000100000010010000000
0000000001000000001010000000
0000000001000000001010000000
0000000001000000001110000000
0000000010000000000110000000
0000000010000000000000000000
0000000100000000000000000000
