0000000000000000000000000000
0000000000000000000000000000
0000000000000000000000000000
0000000000000000000000000000
0000000000011111111110000000
0000000000100000000011000000
0000000000100000000001000000
0000000000100000000001000000
0000000000100000000001000000
0000000000100000000001000000
0000000000100000000001000000
0000000001000000000001000000
0000000001111000000001000000
0000000001000111111111000000
0000000001000000000010000000
0000000010000000000010000000
0000000011000000000010000000
0000000010111111111111000000
0000000010000000000100000000
0000000010000000000100000000
0000000100000000010100000000
0000000100000000011100000000
0000001100000000001100000000
0000001000000000001100000000
0000000000000000000100000000
0000000000000000000000000000
0000000000000000000000000000
0000000000000000000000000000
