0000000000000000000000000000
0000000000000000000000000000
0000000000000000000000000000
0000000000000000000000000000
0000000000000000000000000000
0000000000000011111100000000
0000000100111110000100000000
0000000100000000000010000000
0000000100000000000010000000
0000000100000000000010000000
0000000100000000000010000000
0000000100000000000010000000
0000000100011110000010000000
0000000101110000000010000000
0000000110000000000010000000
0000000111111111111110000000
0000001000000000000010000000
0000001000000000000010000000
0000001000000000000010000000
0000001000000000000100000000
0000001000000000000100000000
0000011000000000000100000000
0000010000000000100100000000
0000000000000000010100000000
0000000000000000011110000000
0000000000000000000110000000
0000000000000000000010000000
0000000000000000000000000000
