0000000000000000000000000000
0000000000000000000000000000
0000000000000000000000000000
0000000000000000000000000000
0000000000000000000000000000
0000000000000000000000000000
0000000000000000000000000000
0000000000000000000000000000
0000000000111111100000000000
0000000000100000100000000000
0000000000100000100000000000
0000000000100000100000000000
0000000000100000100000000000
0000000000100000100000000000
0000000000100011110000000000
0000000000101110010000000000
0000000000100000010000000000
0000000000100000011000000000
0000000000101111110000000000
0000000000100000010000000000
0000000001000000010000000000
0000000001000011010000000000
0000000001000001110000000000
0000000001000000110000000000
0000000011000000000000000000
0000000000000000000000000000
0000000000000000000000000000
0000000000000000000000000000
