0000000000000000000000000000
0000000000000000000000000000
0000000000000000000000000000
0000000000000000000000000000
0000000000000000000000000000
0000000000000000000000000000
0000000000000000000000000000
0000000000000111100000000000
0000000000000000110000000000
0000000000000000011000000000
0000000000010000001000000000
0000000000010000001100000000
0000000000100000000100000000
0000000000100000000100000000
0000000000100000000100000000
0000000001000111000100000000
0000000001000001000010000000
0000000001000000000010000000
0000000001011000000010000000
0000000001001110000010000000
0000000001000000000010000000
0000000011000000000010000000
0000000000000001000010000000
0000000000000001100010000000
0000000000000000100010000000
0000000000000000010010000000
0000000000000000011110000000
0000000000000000000110000000
