0000000000000000000000000000
0000000000000000000000000000
0000000000000000000000000000
0000000000000111110000000000
0000000000111100010000000000
0000000011100000010000000000
0000000010000000010000000000
0000000010000000010000000000
0000000010000000010000000000
0000000010000000001000000000
0000000010000000001000000000
0000000101111000001000000000
0000000100000000001000000000
0000000100000000001000000000
0000000100000000001000000000
0000001000000000011000000000
0000001011111100010000000000
0000001000000000010000000000
0000011000000000010000000000
0000010000000000010000000000
0000010000000000010000000000
0000110000000000010000000000
0001100000000000100000000000
0011000000000010100000000000
0010000000000010100000000000
0000000000000001100000000000
0000000000000001100000000000
0000000000000000000000000000
