0000000000000000000000000000
0000000000000000000000000000
0000000000000000000000000000
0000000000000000000000000000
0000011111111111110000000000
0000100000000000010000000000
0000100000000000010000000000
0000100000000000010000000000
0000100000000000010000000000
0000100000000000010000000000
0000100000000000010000000000
0001001111111111110000000000
0001000000000000010000000000
0001011000000000010000000000
0001000111111111110000000000
0001000000000000010000000000
0001000000000000010000000000
0001000000000000010000000000
0010000000000000010000000000
0110000000000000010000000000
0000000000000000010000000000
0000000000000000010000000000
0000000000000000110000000000
0000000000000000000000000000
0000000000000000000000000000
0000000000000000000000000000
0000000000000000000000000000
0000000000000000000000000000
