0000000000000000000000000000
0000000000000000000000000000
0000000000000000000000000000
0000000000000001111000000000
0000000000000000111000000000
0000000000000001111000000000
0000000000110000011000000000
0000000000110000011100000000
0000000000110000011000000000
0000000000110000001000000000
0000000000110000001100000000
0000000000111111101000000000
0000000000111111101100000000
0000000000111111101000000000
0000000000110000001000000000
0000000000110000011100000000
0000000000111100011000000000
0000000000111111111000000000
0000000000111111111000000000
0000000000110111111000000000
0000000000110000011000000000
0000000000110000111000000000
0000000000110000110000000000
0000000000110000110000000000
0000000000000000000000000000
0000000000000000000000000000
0000000000000000000000000000
0000000000000000000000000000
