0000000000000000000000000000
0000000000000000000000000000
0000000000000000000000000000
0000000100101111111110100000
0000000111111111111111110000
0000001111010000000000110000
0000000110000000000000110000
0000000110000000000000110000
0000000110000000000000110000
0000000110010100000000110000
0000000111111111111000110000
0000000111101011110000110000
0000000110000000000000110000
0000001110000000000000110000
0000001111111111111000110000
0000001101111111111000110000
0000001100000000000000110000
0000011000000000000000110000
0000011000000000000000110000
0000110000000000000000110000
0001110000000001000000110000
0011100000000001111001100000
0011000000000000111111100000
0000000000000000001111100000
0000000000000000000000000000
0000000000000000000000000000
0000000000000000000000000000
0000000000000000000000000000
