0000000000000000000000000000
0000000000000000000000000000
0000000000000000000000000000
0000000000000000000000000000
0000000000000000000000000000
0000000111111100000000000000
0000000100000100000000000000
0000000111100100000000000000
0000000100000100000000000000
0000000100000100000000000000
0000000111100100000000000000
0000001100000100000000000000
0000001000000100000000000000
0000001000000100000000000000
0000010000000100000000000000
0000110000000100000000000000
0001100000011100000000000000
0001000000001100000000000000
0000000000000000000000000000
0000000000000000000000000000
0000000000000000000000000000
0000000000000000000000000000
0000000000000000000000000000
0000000000000000000000000000
0000000000000000000000000000
0000000000000000000000000000
0000000000000000000000000000
0000000000000000000000000000
