0000100000000000000000000000
0001111111111111111100000000
0001111111111111111110000000
0010111111111111111110000000
0111000000000000001110000000
0111111111110000001110000000
0111111111111000001110000000
0111111111111000001110000000
0111000000000000001110000000
0111000000000000001110000000
0111000000000000001110000000
1111000000000000001110000000
1110000000000000001110000000
1100011111111111111111100000
1100111111111111111111110000
1100011111111111111111110000
1100000000000000000111100000
1100000000000000000011110000
1100000000000000000001110000
1000000000000000000001110000
1000000000000000001101110000
1000000000000000011111110000
0000000000000000001111110000
0000000000000000000111110000
0000000000000000000111110000
0000000000000000000001110000
0000000000000000000000000000
0000000000000000000000000000
