0100100101001010010010100100
0010010010100101001010010010
1001010100010010101001010101
0100111010101000100101001000
0010111110100101010100100101
1000010111010100101110101010
0101011001101010001101010100
0010011010111001101101001010
1001011001001100011010100101
0100011010010111001101010010
0010101001001011011100101001
0100011100100101010110101010
0010111010010010101101010100
1000011011111111111101001010
0101110111010100001101010010
0001011001010011011101010101
1010011101101001111110101000
0001010110111111010110010101
1010001111010001010111001010
0001011001001101001011110010
1010001110100010100110001001
0001010110011001010010101010
1010001111111111110101010100
0101010010000010010010010010
0001001001011001001001001010
1010100101000100101010101001
0100010010101010100100100100
0010101000100100010010010010
