0000000000000000000000000000
0000000000000000000000000000
0000000000000000000000000000
0000000000000000000000000000
0000000000111111000000000000
0000010111000001000000000000
0000010000000001000000000000
0000010000000001000000000000
0000010000000001000000000000
0000100000000001000000000000
0000100000000001000000000000
0000100011110001000000000000
0000100000010001000000000000
0001000000000001000000000000
0001000000000001000000000000
0001000000011101000000000000
0010000001100001000000000000
0010000000000001000000000000
0010000000000001000000000000
0110000000100001000000000000
0100000000100001000000000000
0100000000010001000000000000
1000000000001001000000000000
1000000000001001000000000000
1000000000000111000000000000
0000000000000011000000000000
0000000000000000000000000000
0000000000000000000000000000
