0000000000000000000000000000
0000000000000000000000000000
0000000000000000000000000000
0000000000000000000000000000
0000000001111111110000000000
0000000001000000010000000000
0000000011000000010000000000
0000000010000000010000000000
0000000010000000010000000000
0000000010000000010000000000
0000000010000000010000000000
0000000011111110010000000000
0000000010000000010000000000
0000000110000000010000000000
0000000100000000010000000000
0000000111111110010000000000
0000001000000000010000000000
0000011000000000010000000000
0001100000000000010000000000
0111000000000110010000000000
0000000000000010010000000000
0000000000000011010000000000
0000000000000001110000000000
0000000000000000110000000000
0000000000000000000000000000
0000000000000000000000000000
0000000000000000000000000000
0000000000000000000000000000
