0000000000000000000000000000
0000000000000000000000000000
0000000000000000000000000000
0000000000000000000000000000
0000000000000000000000000000
0000000000000000000000000000
0000000011111111111111000000
0000110000000000000001000000
0000010000000000000001000000
0000010000000000000001000000
0000011000000000000001000000
0000001011111111110001000000
0000001000000000000001000000
0000001000000000000001000000
0000001000000000000001000000
0000010000000000000001000000
0000010001111111111111110000
0000010000000000000001000000
0001100000000000000001000000
0001000000000000000001000000
0111000000000000000000000000
0110000000000000000000000000
0000000000000000000000000000
0000000000000000000000000000
0000000000000000000000000000
0000000000000000000000000000
0000000000000000000000000000
0000000000000000000000000000
