0000000000000000000000000000
0000000000000000000000000000
0000000000000000000000000000
0000000000000000000000000000
0000000000000010100000000000
0000000000001000010000000000
0000000000100000000000000000
0000000010000000010000000000
0000000000000000010000000000
0000000010000000010000000000
0000000000000000010000000000
0000000010101011010000000000
0000000010000000010000000000
0000000010000001010000000000
0000000010011010010000000000
0000000010000000010000000000
0000000010000000010000000000
0000000010000000010000000000
0000000000000000010000000000
0000000010000000000000000000
0000000100000000001000000000
0000000000000000001000000000
0000000000000000001000000000
0000000000000000010000000000
0000000000000000000000000000
0000000000000000000000000000
0000000000000000000000000000
0000000000000000000000000000
