0000010000000000000000000000
0000111111111111000000000000
0000111111111111111111100000
0000111111111111111111110000
0000111000000001111111110000
0000111000000000000001110000
0000111000000000000001110000
0000111011111111111111110000
0000111111111111111111110000
0000111011111111111111110000
0000111000000000000001110000
0000111000000000000001110000
0001111000000000000001110000
0001111000000000000001110000
0001110000000000000001110000
0001111111111111111101110000
0011111111111111111111110000
0011111111111111111111110000
0011100000000000000001110000
0011100000000000000001110000
0011100000000000000001110000
0011100000000000000101110000
0111100000000000001111110000
0111100000000000001111110000
0111000000000000000111110000
0011000000000000000111111000
0000000000000000000001111000
0000000000000000000001111000
