0000000000000000000000000000
0000000000000000000000000000
0000000000000000000000000000
0000000000000000000000000000
0000000000000000000000000000
0000000011000001111100000000
0000000101111110000100000000
0000000100000000000100000000
0000000100000000000100000000
0000000100000000000100000000
0000000100000000000100000000
0000000101111111000100000000
0000000101000000000100000000
0000000100000000000100000000
0000000100000000000100000000
0000001000000000000100000000
0000001011111111000100000000
0000001000000000000100000000
0000001000000110000100000000
0000001000000011000100000000
0000010000000000110100000000
0000000000000000011100000000
0000000000000000001100000000
0000000000000000000000000000
0000000000000000000000000000
0000000000000000000000000000
0000000000000000000000000000
0000000000000000000000000000
