0000000000000000000000000000
0000000000000000000000000000
0000000000000000000000000000
0000000000000000000000000000
0000000000000000000000000000
0000000001111111111100000000
0000000111000000000100000000
0000000100000000000100000000
0000000100000000000100000000
0000000100000000000100000000
0000000100000000000100000000
0000000100000000011110000000
0000000111111111100100000000
0000000010000000000100000000
0000000010000000001000000000
0000000010000000001000000000
0000000011000000001000000000
0000000010111111111000000000
0000000010000000001000000000
0000000100000000011000000000
0000000100000000010000000000
0000000100000000010000000000
0000001100000111010000000000
0000001000000001110000000000
0000000000000000110000000000
0000000000000000000000000000
0000000000000000000000000000
0000000000000000000000000000
