0000000000000011111110000000
0000000000011111111111000000
0000000111111111111111000000
0000011111111100000111000000
0000001111100000000111000000
0000011100000000000111000000
0000001110000101100011000000
0000011111111111110111000000
0000001111111111100111100000
0000001111111101000111000000
0000011110000000000111000000
0000001100000000010111000000
0000001111111111111111100000
0000001111111111111111000000
0000011111111111110111000000
0000001110000000000111100000
0000011100000000000011000000
0000011100000000000111100000
0000111100000000000011000000
0001111000000000000111100000
0001110000000000000011000000
0000100000000000001111100000
0000000000000000011111000000
0000000000000000011111000000
0000000000000000001111000000
0000000000000000001110000000
0000000000000000000100000000
0000000000000000000000000000
