0000000000000000000000000000
0000000000000000000000000000
0000000000000000000000000000
0000000000000000000000000000
0000000000111111111100000000
0000000000100000000100000000
0000000000100000000100000000
0000000000100000000100000000
0000000000100000000100000000
0000000000111111110100000000
0000000000100000001000000000
0000000000100000001000000000
0000000000100000001000000000
0000000000100000001000000000
0000000001111111111000000000
0000000001000000011000000000
0000000001000000010000000000
0000000001000000010000000000
0000000001000000010000000000
0000000011000010010000000000
0000000010000010110000000000
0000000010000010100000000000
0000000110000011100000000000
0000000100000001100000000000
0000001000000001100000000000
0000000000000000000000000000
0000000000000000000000000000
0000000000000000000000000000
