0000000000000000000000000000
0000000100000000010110000000
0000011101011111111111000000
0000011111111111111111000000
0000001111111101011110000000
0000011110100010000111000000
0000001100000000001110000000
0000011110000000101111000000
0000001110111111011110000000
0000011111111111111110000000
0000011111111111111111000000
0000011100000000000110000000
0000011010000000101111000000
0000111101011111101110000000
0000011111111111111111000000
0000111111111110101110000000
0000111010100001000111000000
0001110000000000000110000000
0001110000000010000111000000
0011110000000111001111000000
0111100000000111100111000000
0111000000000011111111000000
1110100000000001111111000000
1100000000000000011101000000
0010000000000000000010000000
0000000000000000000000000000
0000000000000000000000000000
0000000000000000000000000000
