0000000000000000000000000000
0000000000000111100000000000
0000001111111000110000000000
0000011000000000010000000000
0000010000000000010000000000
0000010000000000010000000000
0000010000000000001000000000
0000010000000000001000000000
0000010000000000001000000000
0000010000000000001000000000
0000010000011110001000000000
0000010011100000001000000000
0000010010000000000100000000
0000010000000000000100000000
0000010000000000001100000000
0000010000000111110100000000
0000010001111000000100000000
0000010000000000000100000000
0000010000000000000100000000
0000010000000100000100000000
0000010000000100000100000000
0000010000000010000100000000
0000100000000001000100000000
0000100000000000100100000000
0000100000000000100100000000
0001000000000000011100000000
0001000000000000001100000000
0000000000000000000000000000
