0000000000000000000000000000
0000000000000000000000000000
0000000000000000000000000000
0000000000000000000000000000
0000000000000000000000000000
0000000011111111100000000000
0000000010000000100000000000
0000000010000000100000000000
0000000010000000100000000000
0000000011111111100000000000
0000000010000000100000000000
0000000010000000100000000000
0000000010000000100000000000
0000000010000000100000000000
0000000010011111100000000000
0000000111110000100000000000
0000000100000000100000000000
0000000100000000100000000000
0000001100000000100000000000
0000001000000000100000000000
0000001000000000100000000000
0000001000000000100000000000
0000010000000100100000000000
0000010000000110100000000000
0000010000000011100000000000
0000110000000001100000000000
0000100000000000000000000000
0001100000000000000000000000
