0000000000000000000000000000
0000000000000000000000000000
0000000000000000000000000000
0000000011111111000000000000
0000000010000001000000000000
0000000010000001000000000000
0000000010000001000000000000
0000000011111111000000000000
0000000010000001000000000000
0000000010000001000000000000
0000000111111111000000000000
0000000100000001000000000000
0000000100000001000000000000
0000001100000001000000000000
0000001000000001000000000000
0000001000000001000000000000
0000011000000001000000000000
0000010000000001000000000000
0000110000000101000000000000
0001100000000111000000000000
0000000000000001000000000000
0000000000000000000000000000
0000000000000000000000000000
0000000000000000000000000000
0000000000000000000000000000
0000000000000000000000000000
0000000000000000000000000000
0000000000000000000000000000
