0000000000000000000000000000
0000000000000000000000000000
0000000000000000000000000000
0000011111111111100000000000
0000010000000000110000000000
0000010000000000010000000000
0000010000000000010000000000
0000010000000000010000000000
0000010000000000010000000000
0000010011111111111000000000
0000010010000000010000000000
0000010000000000010000000000
0000010000000000010000000000
0000010000000000010000000000
0000010000000000010100000000
0000010000000001111100000000
0000010001111110010000000000
0000010000000000010000000000
0000010000000000010000000000
0000010000000000010000000000
0000010000000000010000000000
0000010000000000010000000000
0000010000000000110000000000
0000010000000000100000000000
0000000000000000100000000000
0000000000000000000000000000
0000000000000000000000000000
0000000000000000000000000000
