0000000000000000000000000000
0000000000000000000000000000
0000000000000000000000000000
0000000000000000000000000000
0000000000000000000000000000
0000000000111111111000000000
0000000000100000001000000000
0000000000100000001000000000
0000000000100000001000000000
0000000000100000001000000000
0000000000111110001000000000
0000000000100000001000000000
0000000000100000001000000000
0000000001111111001000000000
0000000001000000001000000000
0000000001000000001000000000
0000000010000000001000000000
0000000010000000001000000000
0000000100000000001000000000
0000001100000011011000000000
0000011000000001110000000000
0000000000000000110000000000
0000000000000000010000000000
0000000000000000000000000000
0000000000000000000000000000
0000000000000000000000000000
0000000000000000000000000000
0000000000000000000000000000
