0000000000000000000000000000
0000000000000000000000000000
0000000011111111100000000000
0000000100000000100000000000
0000000100000000100000000000
0000000100000000100000000000
0000000100000000100000000000
0000000111111111100000000000
0000000100000000100000000000
0000000100000000100000000000
0000000100000000100000000000
0000000100000000100000000000
0000000111111111100000000000
0000000100000000100000000000
0000000100000000100000000000
0000000100000000100000000000
0000001100000000100000000000
0000001000000000100000000000
0000001000000000100000000000
0000001000000110100000000000
0000011000000011100000000000
0000010000000001100000000000
0000010000000000100000000000
0000000000000000000000000000
0000000000000000000000000000
0000000000000000000000000000
0000000000000000000000000000
0000000000000000000000000000
