0000000000000000000000000000
0000000000010101010101000000
0000011111111111111111100000
0000011111111111111111110000
0000011111101010101011110000
0000011100000000000001110000
0000011100000000000000111000
0000011100000000000001110000
0000011101010101010110111000
0000011111111111111111111100
0000011111111111111111111000
0000011101010101010101110000
0000011100000000000000111000
0000011100000000000001110000
0000011111111111111111111000
0000011111111111111111110000
0000011101111111111111110000
0000011100000000000000111000
0000011100000000000001110000
0000111000000000000001110000
0000111000000000000000111000
0001111000000000001101110000
0111110000000000001111110000
0111100000000000001111110000
1111000000000000000111110000
0000000000000000000011110000
0000000000000000000001100000
0000000000000000000000000000
