0000010011111111100000000000
0000111111111111111111000000
0000111111111111111111100000
0000111111000000111111110000
0000111000000000000001110000
0000111000000000000001110000
0000111000000000000001110000
0000111000000000000001110000
0000111000000000000001110000
0000111011111111111111110000
0000111111111111111111111000
0000111011111111111111111000
0001111000000000000001110000
0001111000000000000001110000
0001110000000000000001110000
0001110000000000000001111000
0011111111111111111111111000
0011111111111111111111111000
0011101111111111111111111000
0011100000000000000000111000
0011100000000000000000111000
0011100000000000011000111000
0111100000000000111100111000
0111100000000000011110111000
0111000000000000011111111000
0011000000000000000111111000
0000000000000000000111111000
0000000000000000000011111000
