0000000000000000000000000000
0000000111111111111111000000
0000001111111111101111100000
0000001101010101111101100000
0000001111000000000011100000
0000000111000000000011000000
0000000101000000000011100000
0000000111000000000011100000
0000000111000000000110100000
0000000110001111110111000000
0000000111111111111111000000
0000000111110110110101000000
0000000101011000000111000000
0000001111000000000111000000
0000001110000000000101000000
0000001100000000000111000000
0000001110111111100111000000
0000011111111111110110000000
0000011011101101100111000000
0000011110110000000111000000
0000011000000000000101000000
0000111100000000000111000000
0000110100000000001111000000
0001111000000000001101000000
0011101000000011001110000000
0001100000000111111010000000
0000000000000011011110000000
0000000000000001111110000000
