0000000000000000000000000000
0000000000000000000000000000
0000000000000000000000000000
0000001111111111111111000000
0000001000000000000001000000
0000001000000000000001000000
0000001000000000000001000000
0000001000000000000001000000
0000001000000000000001000000
0000001000001111111101000000
0000001000000000000101000000
0000001000000000000001000000
0000001000000000000001000000
0000001000000000110001000000
0000001000000001111111000000
0000001111111110011001000000
0000001000000000001001000000
0000001000000000000101000000
0000001000000000000111000000
0000001000000000000011000000
0000001000000000000000000000
0000001000000000000000000000
0000001000000000000000000000
0000000000000000000000000000
0000000000000000000000000000
0000000000000000000000000000
0000000000000000000000000000
0000000000000000000000000000
