0000000000000000000000000000
0000000000000000000000000000
0000010000000000000000000000
0000011111111100000000000000
0000010000000110000000000000
0000010000000010000000000000
0000010000000010000000000000
0000010000000010000000000000
0000010000000001000000000000
0000010111110001000000000000
0000010100010001000000000000
0000010100010001000000000000
0000100010010001000000000000
0000100011100001000000000000
0000100001000001000000000000
0000100111100111100000000000
0000101111111001000000000000
0000100000100001000000000000
0000100000010001000000000000
0000100000010001000000000000
0000100000001001000000000000
0000100000001001000000000000
0001100000000101000000000000
0001000000000101000000000000
0001000000000111000000000000
0001000000000011000000000000
0000000000000000000000000000
0000000000000000000000000000
