0000000000000000000000000000
0000000000000000000000000000
0000000000000000000000000000
0000000111111111100000000000
0000011000000000100000000000
0000010000000000100000000000
0000010000000000100000000000
0000010000000000100000000000
0000010111100000100000000000
0000010100000000100000000000
0000010000000001000000000000
0000010000000001000000000000
0000111111000001000000000000
0000100000000001000000000000
0000100001000010000000000000
0000100001000010000000000000
0001100000110010000000000000
0001000000010010000000000000
0011000000001010000000000000
0000000000000110000000000000
0000000000000110000000000000
0000000000000000000000000000
0000000000000000000000000000
0000000000000000000000000000
0000000000000000000000000000
0000000000000000000000000000
0000000000000000000000000000
0000000000000000000000000000
