0000000000000000000000000000
0000000000000000000000000000
0000000000000000000000000000
0000000000000000000000000000
0000000000000000000000000000
0000000011111110000000000000
0000000010000010000000000000
0000000010000010000000000000
0000000011110010000000000000
0000000010000010000000000000
0000000010000010000000000000
0000000011111011000000000000
0000000010000001000000000000
0000000110000001000000000000
0000000100000001000000000000
0000011100000001000000000000
0000010000001101000000000000
0000000000000111000000000000
0000000000000011000000000000
0000000000000000000000000000
0000000000000000000000000000
0000000000000000000000000000
0000000000000000000000000000
0000000000000000000000000000
0000000000000000000000000000
0000000000000000000000000000
0000000000000000000000000000
0000000000000000000000000000
