0000000000000000000000000000
0000000000000001100000000000
0000000000001111100000000000
0000000001111000100000000000
0000000011000000100000000000
0000000010000000100000000000
0000000010000000100000000000
0000000010000000100000000000
0000000010000000100000000000
0000000010000000100000000000
0000000010000000100000000000
0000000010000000100000000000
0000000010011100100000000000
0000000011110100100000000000
0000000010000000100000000000
0000000110000000100000000000
0000000110000011100000000000
0000000101111110100000000000
0000000100000000100000000000
0000001100000000100000000000
0000001000001000100000000000
0000001000001100100000000000
0000011000000100100000000000
0000110000000011100000000000
0000110000000011000000000000
0000100000000011000000000000
0000000000000001000000000000
0000000000000000000000000000
