0000000000000000000000000000
0000000000000000000000000000
0000000000000000000000000000
0000000000000000000000000000
0000000010000000000000000000
0000000010000000000000000000
0000000111111111111110000000
0000000010000000000011100000
0000000010000000000000100000
0000000001000000000000010000
0000000001000000000100010000
0000000001011111111000001000
0000000001000000000000001000
0000000001000000000000001000
0000000001000000000000001000
0000000001111111111100001000
0000000001000000000000001000
0000000001000000000000001000
0000000001000000000000000100
0000000001000000000000000100
1000000011000000000000000100
1111111110000000000000000100
0000000000000000001100000100
0000000000000000000110000100
0000000000000000000001100100
0000000000000000000000011100
0000000000000000000000000000
0000000000000000000000000000
