0000000000000000010100000000
0000000000001011111110000000
0000000101111111111111000000
0000001111111111011110000000
0000001111101000001110000000
0000001111000000001110000000
0000001110000000001110000000
0000000111000000101110000000
0000000111001011111110000000
0000000111101111111100000000
0000000111111111011110000000
0000000111111010101110000000
0000000111010000011110000000
0000000111000111111110000000
0000001111011111111110000000
0000000111111110101110000000
0000001111111010001110000000
0000001111010000000111000000
0000001110000000001110000000
0000001101000000000111000000
0000011110000001010111000000
0000011100000001111111000000
0000111000000001111110000000
0000111100000000111111000000
0001110000000000000100000000
0001110000000000000000000000
0011100000000000000000000000
0000000000000000000000000000
