0000000000000000000000000000
0000000000000000000000000000
0000000000000000000000000000
0000000000000000000000000000
0000000000000000000000000000
0000000000000000000000000000
0000000011111111111100000000
0000000001000000000100000000
0000000001000000000100000000
0000000001000000000100000000
0000000001011111111100000000
0000000001100000000100000000
0000000000100000000100000000
0000000000100000000100000000
0000000000101111111110000000
0000000000100000000010000000
0000000000100000000010000000
0000000000100000000010000000
0000000001100000010010000000
0000000001000000001110000000
0000000011000000000110000000
0000000110000000000011000000
0000000000000000000001000000
0000000000000000000000000000
0000000000000000000000000000
0000000000000000000000000000
0000000000000000000000000000
0000000000000000000000000000
