0000000000000000000000000000
0000000000000000000000000000
0000001111111111111000000000
0000011111111111111100000000
0000011111111111111100000000
0000001110000000011100000000
0000001110000000011100000000
0000001110000000011100000000
0000001110000000011100000000
0000001111111111011100000000
0000001111111111111100000000
0000001111111111111100000000
0000001110000000011100000000
0000001110000000011100000000
0000001111111111111100000000
0000001111111111111100000000
0000001111111111111100000000
0000001111100000011100000000
0000001110000000011110000000
0000001110000000001110000000
0000001110000000001110000000
0000011110000000001110000000
0000011100000001101110000000
0000111100000011111110000000
0001111000000011111110000000
0001111000000000111110000000
0000000000000000000000000000
0000000000000000000000000000
