0000000000000000000000000000
0000000000000000000000000000
0000000000000000000000000000
0000000111111111110000000000
0000000100000000010000000000
0000000100000000010000000000
0000000100000000010000000000
0000000100000000010000000000
0000000100000000010000000000
0000000100000000010000000000
0000000111111111010000000000
0000000100000000010000000000
0000000100000000010000000000
0000000100000000110000000000
0000000111111100100000000000
0000000100000000100000000000
0000000100000000100000000000
0000001100000000100000000000
0000011000000000100000000000
0000110000000000100000000000
0001100000000110100000000000
0011000000000010100000000000
0000000000000001100000000000
0000000000000001100000000000
0000000000000000000000000000
0000000000000000000000000000
0000000000000000000000000000
0000000000000000000000000000
