0000000000000000000000000000
0000000000000000000000000000
0000001111111110000000000000
0000011111111111111100000000
0000011111111111111110000000
0000011100000011111110000000
0000011100000000001110000000
0000011100000000001110000000
0000011100000000001110000000
0000011111111110001110000000
0000011111111111001110000000
0000011111111111001110000000
0000011100000000001110000000
0000011100000000001111000000
0000111111111100000111000000
0000111111111111000111000000
0000111111111111100111000000
0000111000000111100111000000
0000111000000000000111000000
0001111000000000000111000000
0001111000000000000111000000
0001110000000000000111000000
0011110000000000001111000000
0011110000000000011111000000
0000000000000000011111000000
0000000000000000001111000000
0000000000000000001111000000
0000000000000000001111000000
