0000000000000000000000000000
0000000000000000000000000000
0000000000000001100000000000
0000000000111111100000000000
0000000011100000100000000000
0000000001000000110000000000
0000000001000000010000000000
0000000001000000010000000000
0000000001000000011000000000
0000000001011100001000000000
0000000001110000001000000000
0000000001000000001000000000
0000000001000000001000000000
0000000001000000001000000000
0000000001000110001000000000
0000000011111100001000000000
0000000011100000001000000000
0000000010000000001000000000
0000000110000000001000000000
0000000100000000001000000000
0000001100000000001000000000
0000000000000100001000000000
0000000000000110011000000000
0000000000000011010000000000
0000000000000001110000000000
0000000000000000000000000000
0000000000000000000000000000
0000000000000000000000000000
