0000000000000000000000000000
0000000000000000000000000000
0000000000000000000000000000
0000010000000000000000000000
0000111111111111110000000000
0000111111111111111000000000
0000111111111111111000000000
0000111000000000111000000000
0000111000000000111000000000
0000111000000000111000000000
0000111111111111111000000000
0000111111111111111000000000
0000111111111111111000000000
0000111000000000111000000000
0000111000000000111000000000
0000111000000001111000000000
0001111000000001111000000000
0001111000001111110000000000
0001111111111111110000000000
0001111111111111110000000000
0001111111111101110000000000
0011110000000001110000000000
0011110000000101110000000000
0111100000001111110000000000
0111000000001111110000000000
0011000000000111100000000000
0000000000000111100000000000
0000000000000001100000000000
