0000000000000000000000000000
0000000000000000000000000000
0000000000000000000000000000
0000000000000000000000000000
0000000000000000000000000000
0000001111111111000000000000
0000001000000001110000000000
0000001000000000011000000000
0000001000000000001000000000
0000001000000000001000000000
0000001000000000001000000000
0000001000000000001000000000
0000001111111000001000000000
0000001000000000001000000000
0000001000000000001000000000
0000001000000000001000000000
0000001111111100001000000000
0000011000000000001000000000
0000010000000000001000000000
0000010000000000001000000000
0000010000000000001000000000
0000010000000000001000000000
0000110000000000001000000000
0000000000000000011000000000
0000000000000000011000000000
0000000000000000000000000000
0000000000000000000000000000
0000000000000000000000000000
