0000000000000000000000000000
0000111100000001110000000000
0001111111111111111100000000
0001111111111111111100000000
0001111111111111111100000000
0000111000000000011100000000
0000111000000000001110000000
0000111000000000001110000000
0000111000000000001110000000
0000111111111111101110000000
0000111111111111111110000000
0000111111111111111110000000
0000111000000000001110000000
0001111000000000001110000000
0001111000000000011110000000
0001111111111111111110000000
0001111111111111111110000000
0001110111111111111110000000
0011110000000000011110000000
0011110000000000011100000000
0111100000000000011100000000
0111100000000000011100000000
0011000000000000011100000000
0000000000000000011100000000
0000000000000000111100000000
0000000000000001111000000000
0000000000000001111000000000
0000000000000000111000000000
