0000000000000000000000000000
0000000000000000000000000000
0000000000000000000000000000
0000000000000000000000000000
0000000000000000000000000000
0000000000000000000000000000
0000000001111111110000000000
0000000001000000010000000000
0000000001000000010000000000
0000000001000000010000000000
0000000001000000010000000000
0000000001111111110000000000
0000000001000000010000000000
0000000001000000010000000000
0000000001000000010000000000
0000000001111111110000000000
0000000001000000010000000000
0000000001000000010000000000
0000000011000001010000000000
0000000010000001110000000000
0000001110000000110000000000
0000001000000000000000000000
0000000000000000000000000000
0000000000000000000000000000
0000000000000000000000000000
0000000000000000000000000000
0000000000000000000000000000
0000000000000000000000000000
