0000000000000000000110000000
0000000000000111111111000000
0000000000111111111111100000
0000000001111111111111100000
0000000011111110000011100000
0000000111000001111111100000
0000000111001111111111100000
0000000111111111111111100000
0000000011101111100011100000
0000000011100000000011100000
0000000011100000000011100000
0000000011100000000011100000
0000000011100000000011100000
0000000011100000111011100000
0000000111100111111111100000
0000000111001111111111100000
0000000111011111100011100000
0000000111111110000011100000
0000000111011100000011100000
0000001111000000000011100000
0000001110000000000011100000
0000001110000000000011100000
0000011110000000011011100000
0000011110000000111111100000
0000001100000000011111100000
0000000000000000011111100000
0000000000000000000111100000
0000000000000000000011100000
