0000000000000000000000000000
0000000000000000000000000000
0000000000000000000000000000
0000000000111111111100000000
0000000001111111111111000000
0000000001111111111111100000
0000000000111000000111110000
0000000000111000000001110000
0000000000111000000001110000
0000000001111000000001110000
0000000001110000111111110000
0000000001110001111111110000
0000000001110000111111110000
0000000001110000000001110000
0000000001110000110001110000
0000000001110011111001110000
0000000001110111111011110000
0000000011110011100011100000
0000000011100000000011110000
0000000011100000000001110000
0000000011100000000001110000
0000000111100000000101110000
0000000111000000001111110000
0000000011000000001111110000
0000000000000000001111110000
0000000000000000000011110000
0000000000000000000001110000
0000000000000000000000000000
