0000000000000000000000000000
0000000000000000000000000000
0000000000000000000000000000
0000000000000000000000000000
0000000000000000000000000000
0000000000000000001100000000
0000000000011111111100000000
0000000000110000000100000000
0000000000100000000100000000
0000000000100000000100000000
0000000000100000000100000000
0000000000101111111100000000
0000000000100000000100000000
0000000000100000000100000000
0000000000100000000100000000
0000000000100011111100000000
0000000000100000000100000000
0000000000100000000100000000
0000000000100000000100000000
0000000001100000000100000000
0000000011000000000100000000
0000000010000001100100000000
0000000000000000110100000000
0000000000000000011100000000
0000000000000000001100000000
0000000000000000000000000000
0000000000000000000000000000
0000000000000000000000000000
