0000000000000000000000000000
0000000000000000000000000000
0000000000000000000000000000
0000000000000000000000000000
0000000000000000000000000000
0000000000000011111100000000
0000000000111110000100000000
0000000000100000000100000000
0000000000100000000100000000
0000000000100000000110000000
0000000000111110000010000000
0000000000100000000010000000
0000000000100000000010000000
0000000000100111000010000000
0000000000111000000010000000
0000000001100000000001000000
0000000011000000000001000000
0000000110000000000001000000
0000001100000000000001000000
0000011000000000000001000000
0000110000000000001001000000
0000000000000000001111000000
0000000000000000000011000000
0000000000000000000000000000
0000000000000000000000000000
0000000000000000000000000000
0000000000000000000000000000
0000000000000000000000000000
