0000000100000000000000000000
0000001111111111111000000000
0000001111111111111100000000
0000001111111111111100000000
0000001110000000011100000000
0000001110000001111100000000
0000001110111111111100000000
0000001111111111111100000000
0000011111111111111100000000
0000011111110000111000000000
0000011111000000111000000000
0000011100000000111000000000
0000011100000111111000000000
0000011111111111111000000000
0000011111111111110000000000
0000011111111111110000000000
0000011100000001110000000000
0000011100000001110000000000
0000111100100001110000000000
0000111001110011110000000000
0000111001111111100000000000
0000111000111111100000000000
0000111000011111100000000000
0001111000001111100000000000
0001111000001111100000000000
0011110000000111100000000000
0111110000000011100000000000
0011100000000011000000000000
