0000000000000000000000000000
0000000000000000000000000000
0000000000000000000000000000
0000001111111000000000000000
0000010100101000000000000000
0000010000001100000000000000
0000011000001000000000000000
0000010000001100000000000000
0000011000000100000000000000
0000001100001100000000000000
0000001011001000000000000000
0000001101101100000000000000
0000000100000100000000000000
0000001100001000000000000000
0000001000001100000000000000
0000001100001000000000000000
0000000110110100000000000000
0000001011011000000000000000
0000001100001110000000000000
0000010100000010000000000000
0000011000000110000000000000
0000010000000100000000000000
0000101000000110000000000000
0000110000000100000000000000
0000000000001010000000000000
0000000000011100000000000000
0000000000000000000000000000
0000000000000000000000000000
