0000000000000000000000000000
0000000000000000000000000000
0000000000000000000000000000
0000000000000000000000000000
0000000000000000000000000000
0000000001111111110000000000
0000000001000000010000000000
0000000001000000010000000000
0000000001000000010000000000
0000000001000000010000000000
0000000001000000010000000000
0000000001011110010000000000
0000000001000000011000000000
0000000001000000001000000000
0000000001000000001000000000
0000000001011111101000000000
0000000001000000001000000000
0000000001000000001000000000
0000000001000000001000000000
0000000011000000001000000000
0000000010000001001100000000
0000000110000001100100000000
0000001100000000110100000000
0000000000000000011100000000
0000000000000000000100000000
0000000000000000000000000000
0000000000000000000000000000
0000000000000000000000000000
