0000000000000000000000000000
0000000000000000000000000000
0000000000000000000000000000
0000000000000000000000000000
0000000000111111110000000000
0000000011000000001000000000
0000000010000000001000000000
0000000010000000001000000000
0000000010000000001000000000
0000000010000000001000000000
0000000010001111101000000000
0000000101111000001000000000
0000000100000000001000000000
0000000100000000001000000000
0000000100000000001000000000
0000001100000000001000000000
0000001111011111111000000000
0000001000000000001000000000
0000001000000000001000000000
0000010000000001001000000000
0000010000000001101000000000
0000110000000000101000000000
0000100000000000111000000000
0000100000000000110000000000
0000000000000000010000000000
0000000000000000000000000000
0000000000000000000000000000
0000000000000000000000000000
