0000000000000000000000000000
0000000000000000000000000000
0000000000000000000000000000
0000000000000000000000000000
0000000000000000000000000000
0000000000111111111000000000
0000000000100000001000000000
0000000000100000001000000000
0000000000100000001000000000
0000000000100000001000000000
0000000001111111110000000000
0000000001000000010000000000
0000000001000000010000000000
0000000001000000010000000000
0000000011111111110000000000
0000000010000000010000000000
0000000010000000010000000000
0000000110000010010000000000
0000000100000011010000000000
0000001100000001010000000000
0000001000000000110000000000
0000000000000000110000000000
0000000000000000000000000000
0000000000000000000000000000
0000000000000000000000000000
0000000000000000000000000000
0000000000000000000000000000
0000000000000000000000000000
