0000000000000000000000000000
0000000000000000000000000000
0000000000000000000000000000
0000000000000000000000000000
0000000100011111100000000000
0000000111100000100000000000
0000000100000000100000000000
0000000100000000100000000000
0000000100000000100000000000
0000000100000000100000000000
0000000111000000100000000000
0000000101111111100000000000
0000000100000000110000000000
0000000100000000010000000000
0000001100000000110000000000
0000001111111111110000000000
0000001000000000010000000000
0000011000000000010000000000
0000010000000000010000000000
0000110000000000011000000000
0001100000000000001000000000
0011000000000010001000000000
0000000000000010001000000000
0000000000000011011000000000
0000000000000001110000000000
0000000000000000110000000000
0000000000000000000000000000
0000000000000000000000000000
