0000000000000000000000000000
0000000000000000000000000000
0000000000000000000000000000
0000000000000000000000000000
0000000000111111111100000000
0000000001000000000100000000
0000000001000000000100000000
0000000001000000000100000000
0000000001000000000100000000
0000000001000000000100000000
0000000001110000000100000000
0000000001011111110100000000
0000000001000000000100000000
0000000001000000000100000000
0000000001000000000100000000
0000000001000000000100000000
0000000001011111110100000000
0000000001000000000100000000
0000000011000000000100000000
0000000010000000000100000000
0000000110000000000100000000
0000011100000000100100000000
0001110000000000110100000000
0010000000000000001100000000
0000000000000000000000000000
0000000000000000000000000000
0000000000000000000000000000
0000000000000000000000000000
