0000000000000000000000000000
0000000000000000000000000000
0000000000000000000000000000
0000001111111111110000000000
0000001000000000010000000000
0000001000000000010000000000
0000001000000000010000000000
0000001000000000010000000000
0000001000001100010000000000
0000001111111000010000000000
0000001000000000010000000000
0000011000000000010000000000
0000010000000000011000000000
0000010000000000001000000000
0000010000000000001000000000
0000011111111111001000000000
0000010000000000001000000000
0000110000000000001000000000
0000100000000000001000000000
0001100000000000001000000000
0001000000000000001000000000
0011000000000010001000000000
0000000000000011001000000000
0000000000000001101000000000
0000000000000000101000000000
0000000000000000111000000000
0000000000000000000000000000
0000000000000000000000000000
