0000000000000001111111110000
0001100111111111111111111000
0011111111111111111111111000
0001111111111111000000111000
0001111110000000000000111000
0001111000000000000000111000
0000111000000000000000111000
0000111000000000000000111000
0000111000001111111001111000
0000111011111111111101110000
0000111111111111111101110000
0000111011111100000001110000
0000111000000000000011110000
0000111000000000000011110000
0000111000000000000011100000
0000111000000000000011100000
0000111111111111110011100000
0001111111111111111111100000
0001111111111111111111100000
0001110000000000000111000000
0011110000000000000111000000
0011110000000000000111000000
0011100000000000101111000000
0111100000000001111111000000
0111100000000001111110000000
0011000000000000111110000000
0000000000000000001100000000
0000000000000000000000000000
