0000000000011111111000000000
0000000001011111111000000000
0000000011011111111000000000
0000000001011000011100000000
0000000001000000011000000000
0000000011000000001000000000
0000000001000000001100000000
0000000011000000001000000000
0000000001000000001100000000
0000000001000001111000000000
0000000011011111111000000000
0000000001011111111100000000
0000000011011111101000000000
0000000001000000001000000000
0000000001000000011100000000
0000000011111000011000000000
0000000001111111111000000000
0000000011111111111000000000
0000000001111111111000000000
0000000001000000010000000000
0000000011000000110000000000
0000000011000000110000000000
0000000011000000110000000000
0000000011000001110000000000
0000000011000000110000000000
0000000011000001110000000000
0000000011000001100000000000
0000000111000000100000000000
