0000000000000000000000000000
0000000000000000000000000000
0000000111111111111111000000
0000001111111111111111100000
0000011111111111111111100000
0000011110000000000011100000
0000001110000000000011100000
0000001110000000000011100000
0000001110000000000011100000
0000001110111111000011100000
0000001111111111100011100000
0000001110111111100011100000
0000001110000000000011100000
0000001110000000000011100000
0000001111111111100011100000
0000001111111111110011100000
0000001111111111110011100000
0000001110000000000011100000
0000001110000000000011100000
0000001110000000000011100000
0000011110000000000011100000
0000011110000000000011100000
0000111100000000000011100000
0001111100000000011111100000
0001110000000000111111100000
0000000000000000011111100000
0000000000000000001111100000
0000000000000000000000000000
