0000000000000000000000000000
0000000000000000000000000000
0000000000000000000000000000
0000000000000000000000000000
0000000111111111100000000000
0000000100000000010000000000
0000000100000000011000000000
0000000100000000001000000000
0000000100000000001000000000
0000000100000000000100000000
0000000100000011110100000000
0000000111111100000100000000
0000000100000000000100000000
0000000100000000000100000000
0000000100000000000010000000
0000000100000000000010000000
0000000100000000000010000000
0000000100000000000010000000
0000000111111111111110000000
0000000100000000000010000000
0000001000000000000010000000
0000001000000000000010000000
0000001000000000000010000000
0000001000001000000010000000
0000010000001000000010000000
0000010000001100000110000000
0000010000000010011100000000
0001100000000001100000000000
