0000000000000000000000000000
0000000000000000000000000000
0000000000000000000000000000
0000000000000000000000000000
0000000001111111111110000000
0000000000000000000010000000
0000000010000000000010000000
0000000010000000000010000000
0000000010000000000010000000
0000000010000111111110000000
0000000011111000000010000000
0000000010000000000010000000
0000000010000000000010000000
0000000010000000011110000000
0000000011111111110010000000
0000000010000000000010000000
0000000010000000000011000000
0000000010000000000001000000
0000000100000000000001000000
0000000100000000001001000000
0000000100000000001001000000
0000000000000000000111000000
0000000000000000000010000000
0000000000000000000000000000
0000000000000000000000000000
0000000000000000000000000000
0000000000000000000000000000
0000000000000000000000000000
