0000000000000000000111111000
0000000000000001111111111100
0000000000000011111111111110
0000001000011111111110001110
0000011111111111100000001110
0000011111111111000000001110
0000011111110000000000001110
0000111111000000000000001110
0000111000000000000000001110
0000111000000000000000001110
0001111000011111100000001110
0001110001111111110000001110
0001111111111111110000001110
0001111111110000000000001110
0001111111000000000000011110
0001111100000000001111111110
0001110000000001111111111110
0001111111111111111111111110
0001111111111111111100001110
0001111111111111000000001110
0001110000000000000000001110
0001110000000000000000001110
0001110000000000000000001110
0001110000000000000000001110
0000110000000000000000001110
0000000000000000000000000110
0000000000000000000000000000
0000000000000000000000000000
