0000000000000000000000000000
0000000000000000000000000000
0000000000000000000000000000
0000000000000000000000000000
0000000000000000000000000000
0000000000000000000000000000
0000000000000111111000000000
0000000000111100011000000000
0000000000100000010000000000
0000000000100000010000000000
0000000001100000010000000000
0000000001000000010000000000
0000000001000000010000000000
0000000001111111110000000000
0000000001000000100000000000
0000000001000000100000000000
0000000011000000100000000000
0000000010000000100000000000
0000000011111111100000000000
0000000010000000100000000000
0000000010000000100000000000
0000000110000000100000000000
0000000100000000100000000000
0000000100000000100000000000
0000000000000001100000000000
0000000000000001100000000000
0000000000000000100000000000
0000000000000000000000000000
