0000000000000000000000000000
0000000000000000000000000000
0000000000000000000000000000
0000000000000000000000000000
0000000000000000000000000000
0000000000000000000000000000
0000000000001111110000000000
0000000000011000011000000000
0000000000010000001000000000
0000000000010000001000000000
0000000000010000001000000000
0000000000011111101000000000
0000000000001000001000000000
0000000000001001101000000000
0000000000001111001000000000
0000000000011000001000000000
0000000000110000001000000000
0000000000110000011000000000
0000000000100001110000000000
0000000000000000110000000000
0000000000000000000000000000
0000000000000000000000000000
0000000000000000000000000000
0000000000000000000000000000
0000000000000000000000000000
0000000000000000000000000000
0000000000000000000000000000
0000000000000000000000000000
