0000000000000000000000000000
0000000000000000000000000000
0000000000000000000000000000
0000000000000000000000000000
0000000000000000000000000000
0000000000011100000000000000
0000000001110010000000000000
0000000001000010000000000000
0000000011000011000000000000
0000000010000001000000000000
0000000010011101000000000000
0000000010010001000000000000
0000000010000001000000000000
0000000110111101000000000000
0000000100100001000000000000
0000000110000001000000000000
0000001100000011000000000000
0000001100000011000000000000
0000011000000001000000000000
0000000000000000000000000000
0000000000000000000000000000
0000000000000000000000000000
0000000000000000000000000000
0000000000000000000000000000
0000000000000000000000000000
0000000000000000000000000000
0000000000000000000000000000
0000000000000000000000000000
