0100100100100100100100101001
0010010010010010010010010100
1001001001001001001010100010
0101010010101010101001010101
0010001111100100010110010010
1001010110110010100101010100
0100000110111010010110100101
0010101010001101001101010010
1001000111010100101101001001
0100101110010110101101010100
0010000110100010101101001010
1001010110010100101101010010
0100000101011111111010010101
0010111111111011011001010000
1001000100000100111010101010
0100010110110101011010010101
0010100101101011111010100010
1000010111111110111001010100
0101000110100010011010010010
0010101110010101011010101001
1000010110100010011001001010
0101000110010101010101010001
0010010111101111100100101010
1001001101111110101001000100
0100100010000001000100101010
0010010101010100110010100001
1001001000101010001001010100
0100100101000101010100010010
