0000000000000000000000000000
0000000000000000000000000000
0000000000000000000000000000
0000000000000000000000000000
0000111111111111110000000000
0000100000000000001110000000
0000100000000000000010000000
0000100000000000000010000000
0000100000000000000010000000
0000100111111111000010000000
0000100000000000000010000000
0000100000000000000010000000
0000100000000000000010000000
0001111111111111110010000000
0000100000000000000010000000
0000100000000000000010000000
0000100000000000000010000000
0000100000000000000010000000
0000100000000000000010000000
0000100000000000000010000000
0000100000000000000010000000
0000000000000000000110000000
0000000000000000001100000000
0000000000000000000100000000
0000000000000000000000000000
0000000000000000000000000000
0000000000000000000000000000
0000000000000000000000000000
