0000000000000000000000000000
0000000000000000000000000000
0000000000000000000000000000
0000001000000111111100000000
0000001111111100000100000000
0000001000000000000100000000
0000000100000000000100000000
0000000100000000000100000000
0000000100000000000100000000
0000000110111111111100000000
0000000010000000000100000000
0000000010000000000100000000
0000000010000000000100000000
0000000010000000000100000000
0000000010000111111110000000
0000000011111000000100000000
0000000110000000000100000000
0000001100000000000100000000
0000011000000000000100000000
0001110000000000000110000000
0001000000000000000010000000
0000000000000000110110000000
0000000000000000011100000000
0000000000000000000000000000
0000000000000000000000000000
0000000000000000000000000000
0000000000000000000000000000
0000000000000000000000000000
