0000000000000000000000000000
0000000000000000000000000000
0000000000001111111110000000
0000000000110000000010000000
0000011111000000000010000000
0000001000000000000010000000
0000001000000000000010000000
0000001000000000000010000000
0000001100000000000010000000
0000000100000011110100000000
0000000100001110011100000000
0000000111110000000100000000
0000000100000000000100000000
0000000100000000000100000000
0000000100000000000100000000
0000000111111111111100000000
0000000110000000000100000000
0000000100000000000100000000
0000000100000000000100000000
0000001000000000000010000000
0000001000000000000010000000
0000001000000000000010000000
0000010000000000000010000000
0000010000000000000010000000
0000110000000011000010000000
0000100000000001111010000000
0000000000000000000110000000
0000000000000000000000000000
