0000000000000000000000000000
0000000000000000111000000000
0000000011111111111100000000
0000010111111111111100000000
0000111111111111111100000000
0000111000000000011100000000
0000111000000000011100000000
0000111000000000011100000000
0000111000001111111100000000
0000111000111111111100000000
0000111001111111111100000000
0000111011111100011100000000
0000111011100000011100000000
0000111000000010011100000000
0000111000111111011100000000
0000111001111111011100000000
0000111011111110011100000000
0000111001110000011100000000
0001111000000000011100000000
0001111000000000011100000000
0001110000000000011100000000
0001110000000000011100000000
0001110000000110011100000000
0011110000001111111100000000
0111100000001111111100000000
0111100000000011111100000000
0011000000000011111000000000
0000000000000000110000000000
