0000000000000000000000000000
0000000000000000000000000000
0000000000000000000000000000
0000000000000000000000000000
0000000000000000000000000000
0000000010010000000000000000
0000001000000000000000000000
0000000000000000000000000000
0000000000010000000000000000
0000001000000000000000000000
0000000000000000000000000000
0000001000001000000000000000
0000000010000000000000000000
0000000000001000000000000000
0000000000000000000000000000
0000010000001000000000000000
0000000101010000000000000000
0000010000000000000000000000
0000000000001000000000000000
0000000000000000000000000000
0000100000001000000000000000
0000000000000000000000000000
0000000000100000000000000000
0000000000000000000000000000
0000000000000000000000000000
0000000000000000000000000000
0000000000000000000000000000
0000000000000000000000000000
