0000000000000000000000000000
0000000000000000000000000000
0000000000000000001111000000
0000000000000001111111100000
0000000000011111111111100000
0000000011111111110011100000
0000000011111110000011100000
0000000011110000000011100000
0000000001100000000011100000
0000000001110000000011100000
0000000011110001111111100000
0000000001111111111111100000
0000000011111111111111100000
0000000001111110010011100000
0000000011100011111111110000
0000000011111111111101100000
0000000011111111110101110000
0000000111111010000001110000
0000000011000000000001110000
0000000111000001000001110000
0000000111000011110001110000
0000001111000011111001110000
0000001110000000111111100000
0000011110000000111111110000
0000111100000000001111000000
0000011000000000000000000000
0000000000000000000000000000
0000000000000000000000000000
