0000000000000000000000000000
0000000000000000000000000000
0000000000000000000000000000
0000000000000000000000000000
0000000000000000000000000000
0000000010000000000000000000
0000000011100000000000000000
0000000010011111111111110000
0000000010000000001000001100
0000000010000000010000000100
0000000010000000010000001000
0000000010000000010000001000
0000000010100000100000001000
0000000011011111111111111000
0000000010000000100000000000
0000000010000000010000010000
0000000010000000100000010000
0000000001000000100000100000
0000000011000000100000100000
0000000001000000100000100000
0000000001000000100001000000
0000000001000000100001000000
0000000000100000100001000110
0000000000011111111111111100
0000000000000000000010000000
0000000000000000000010000000
0000000000000000000000000000
0000000000000000000000000000
