1111111111111111111111111111
1111111111111111111111111111
1111111111111111111111111111
1110000000001111000000000111
1110000000001111000000000111
1110000000001111000000000111
1110000000001111000000000111
1110000000001111000000000111
1110000000001111000000000111
1110000000001111000000000111
1110000000001111000000000111
1110000000001111000000000111
1111111111111111111111111111
1111111111111111111111111111
1111111111111111111111111111
1111111111111111111111111111
1110000000001111000000000111
1110000000001111000000000111
1110000000001111000000000111
1110000000001111000000000111
1110000000001111000000000111
1110000000001111000000000111
1110000000001111000000000111
1110000000001111000000000111
1111111111111111111111111111
1111111111111111111111111111
1111111111111111111111111111
1110111111111111111111111111
