0000000000000000000000000000
0000000000000000000000000000
0000000000000000000000000000
0000000000000000000000000000
0001111111111111111110000000
0011111111111111111111000000
0011111111111111111111100000
0011100000100000000011100000
0011100001111000000011100000
0011100001111000000011100000
0011100000111000000011100000
0011100000111000000011100000
0011100111111111000111100000
0011101111111111100111000000
0011111111111111100111000000
0011111100011100000111000000
0011100000011100000111000000
0011100000011100000111000000
0011100000011110000111000000
0011100000001110000111000000
0011100111111111111111000000
0001101111111111111111100000
0000000111111111111111100000
0000000000000000000000000000
0000000000000000000000000000
0000000000000000000000000000
0000000000000000000000000000
0000000000000000000000000000
