0000000000000000000000000000
0000000000000000000000000000
0000000000000000000000000000
0000000000000000000000000000
0000000000000000000000000000
0000000001111111111110000000
0000000001111111111111000000
0000000001111111111111000000
0000000000110000000111000000
0000000000110011000011000000
0000000000110011000011000000
0000000000110011100011000000
0000000000110011000011000000
0000000000110011100011000000
0000000000110011111111000000
0000000000111111111111000000
0000000000111111111111000000
0000000000111111110011000000
0000000000000001000111000000
0000000000000001100011000000
0000000000011100000111000000
0000000000011111000110000000
0000000000011111111110000000
0000000000001111111110000000
0000000000000011111110000000
0000000000000000000000000000
0000000000000000000000000000
0000000000000000000000000000
