0000000000000000000000000000
0000000000000000000000000000
0000000000000000000000000000
0000000000000000000000000000
0000000000000000000000000000
0000000000000000000000000000
0000000000000011100000000000
0000000000111100100000000000
0000001111000000100000000000
0000001000001000010000000000
0000001000001000010000000000
0000001000001000010000000000
0000001000001000010000000000
0000001000001000010000000000
0000001000001000010000000000
0000001001111111110000000000
0000001110001000010000000000
0000001000001000010000000000
0000001000001000010000000000
0000001000000000010000000000
0000001000000000000000000000
0000001000111111110000000000
0000000011000000000000000000
0000000000000000000000000000
0000000000000000000000000000
0000000000000000000000000000
0000000000000000000000000000
0000000000000000000000000000
