0000000000000000000000000000
0000000000000000000000000000
0000000000000000000000000000
0000000000000000000000000000
0001111111111111111111110000
0011111111111111111111111000
0001111111111111111111111000
0001110000000100000000111000
0001110000001110000000111000
0001110000001110000000111000
0001110000001110000000111000
0001110000001110000000111000
0001110000001110000000111000
0001110111111111111100111000
0001111111111111111111111000
0001110111111111111111111000
0001110000001110000111111100
0001110000001110000000011100
0001110000001110000000011100
0001110000001110000000011100
0001110000001110000000011100
0001110000111110000000011100
0001111111111111111100011100
0000111111111111111111111100
0000111111110111111111111000
0000000000000000000111111000
0000000000000000000000000000
0000000000000000000000000000
