0101010010101010101010101010
0100101010010010010010010010
0101001001010101001001010101
0100101010101001010101001001
0101010010010101010101010100
0101001010101010101010101010
0100101011011111111010010010
0101011101110100101010101010
0101010101011011010101010101
0101010100101100101101001000
0100110101010101010101010101
0101010101010101010101001010
0101011010010101011010101001
1001010101011010101010100101
0101010101010110101101010100
0100101101111101110101001010
0101010110101011010101010010
0100101010101100101101001010
1010101101010110101010101001
0010010101010101011101010101
1010101110111011101010100100
0101010101101101010101010010
0100101010100100101010010101
0101000101010101010101010100
0100110100101001001001001010
0101001010100101010100100101
0100100100101001001010101001
0101010010010100100100101010
