0000000000000000000000000000
0000000000000000000000000000
0000000000000000000000000000
0000000000000000000000000000
0001111111111111111111110000
0001100000000000000000110000
0001000000000000000000010000
0001000000000001000000010000
0001000000000001000000010000
0001000000000001000000010000
0001100000000001000000010000
0000100000000001000000110000
0000100000000001000000100000
0000100000000001000000100000
0000100000000001000000100000
0000101111111111111111100000
0000100000000001000000100000
0000100000000001000000100000
0000100000000001000000100000
0000100000000001000000100000
0000100000000001000001100000
0000100000000001000001000000
0000100000000001000001000000
0000111111111111111111000000
0000000000000000000000000000
0000000000000000000000000000
0000000000000000000000000000
0000000000000000000000000000
