0000000000000000000000000000
0000000000000000000000000000
0000000000000000000000000000
0000000000000000000000000000
0000000000000000000000000000
0000000000000000000000000000
0010111111111111110000000000
0010000000000000001100000000
0010000000110000000100000000
0010000000100000000100000000
0010000000100000000100000000
0010000000100000000100000000
0010001111111111111100000000
0010001000100000000100000000
0010000001000000000100000000
0010000001000000000100000000
0010000001000000000100000000
0010000001000000001000000000
0010000011000000001000000000
0000000010000000001000000000
0000011111111111111111000000
0000000000000000000000000000
0000000000000000000000000000
0000000000000000000000000000
0000000000000000000000000000
0000000000000000000000000000
0000000000000000000000000000
0000000000000000000000000000
