0000000000000000000000000000
0000000111111111111000001100
0001111111111111111111111110
0011111111111111111111111111
0011111100000011101111111111
0011100000000011100000000111
0011100000000011100000000111
0011100000000011100000000111
0011100000000011100000000111
0011100000000011100000000111
0011100000000111100000001111
0011111111111111111111111111
0011111111111111111111111111
0011111111111111111111111111
0011111000000011110000000111
0011100000000001110000000111
0011100000000001110000000111
0011100000000001110000000111
0011100000000001110000000111
0011100000000001110000000111
0011110000000001110000001111
0011110011111111111111111111
0001111111111111111111111111
0000111111111111111111111111
0000011111000000000000111111
0000000000000000000000000011
0000000000000000000000000000
0000000000000000000000000000
