0000000000000000000000000000
0000000000000000000000000000
0000000000000000000000000000
0000000000000000000000000000
0000000000000000000000000000
0000011111111000000000000000
0001110000001111000000000000
0001000000010001110000000000
0001000000110000010000000000
0001000000100000010000000000
0001000000100000110000000000
0001000000100000100000000000
0001011111111111110000000000
0011010000100000100000000000
0010000000100000100000000000
0010000001100000100000000000
0010000001000001100000000000
0010000001000001000000000000
0010111111111111000000000000
0000000000000001000000000000
0000000000000001000000000000
0000000000000000000000000000
0000000000000000000000000000
0000000000000000000000000000
0000000000000000000000000000
0000000000000000000000000000
0000000000000000000000000000
0000000000000000000000000000
