0000000000000000000000000000
0000000000000000000000000000
0000000000000000000000000000
0000000000000000000000000000
0000000000000000000000000000
0000001000000000000000000000
0000001111111111111111000000
0000001000000100000001000000
0000001000000100000001000000
0000001000000100000001000000
0000001000000100000001000000
0000001000000100000001000000
0000001000000100000001000000
0000001000000100000001000000
0000001000000100000001000000
0000001000000100001111000000
0000001111111111111001000000
0000000100000100000001000000
0000000100000100000001000000
0000000100000100000001000000
0000000100000100000001000000
0000000100000100000001000000
0000000100000100000001000000
0000001111111111111111110000
0000000000000000000000000000
0000000000000000000000000000
0000000000000000000000000000
0000000000000000000000000000
