0000000000000000000000000000
0000000000000000000000000000
0000000000000000000000000000
0000000000000000000000000000
0000000000000000000000000000
0000000000000000000000000000
0000000000000000000000000000
0000000000000000000000000000
0000000000000000000000000000
0000011000100100100000000000
0000010001111011111100000000
0000010000000000001000000000
0000011000100000001000000000
0000010001100000001000000000
0000010000100000001000000000
0000010000100000001100000000
0000011000100000001000000000
0000001111100000001000000000
0000011001111111001100000000
0000010011000000000110000000
0000010001000000000100000000
0000011001000000000100000000
0000110011000000000110000000
0000000001000000000100000000
1111111111111111000100000000
0000001000000001111111000000
0000001100000000001011000000
0000010000000000001000111000
