0100100100100100100100100100
0010010010101010010010010010
1001010101001001010101010101
0101001000100101001001001000
0100100101010100101010100101
0010010101011011101101010100
1001011011101110110111010010
0101001100101011001001010101
0101010010100101010101100100
0010110101010110100101010010
1010101010001010010010101010
0010110101010101101011010010
1001001010110110110101010100
0100101101011111010010101010
0101010101010010101010100100
0010010101001010010011010010
1001010100100111001001101010
0100101110101001010101010001
0101001001010110100101010100
0010101110101011010101010101
1000010011101101110101100010
0101001010101010010110010100
0101010100100010101001010010
0010010010010100010010101010
1001001001010010101001000100
0100100101001010000100101010
0010101000100101010101010001
1010010101010000101001001010
