0000000000000000000000000000
0000000000000000000000000000
0000000000000000000000000000
0001111111111111111111111100
0001000000000110000000000100
0001000000000110000000000100
0001000000000110000000000100
0001000000000110000000000100
0001000000000110000000000100
0001000000000110000000000100
0001000000000110000000000100
0001000000000110000000000100
0001000000000110000000000100
0001111111111111111111111100
0001111111111111111111111100
0001000000000110000000000100
0001000000000110000000000100
0001000000000110000000000100
0001000000000110000000000100
0001000000000110000000000100
0001000000000110000000000100
0001000000000110000000000100
0001111111111111111111111100
0001111111111111111111111100
0000000000000000000000000000
0000000000000000000000000000
0000000000000000000000000000
0000000000000000000000000000
