0000000000000000000000000000
0000000000000000000000000000
0000000000000000000000000000
0000000000000000000000000000
0000000000000000000000000000
0000000000000000000000000000
0000000111111111111100000000
0000000000000000000100000000
0000100000000000000100000000
0000100000000000000100000000
0000100000011000000100000000
0000100000010000000100000000
0000100000010000000100000000
0000100000010000000100000000
0000100111111111100100000000
0000100000010000000100000000
0000100000010000000110000000
0000110000010000000010000000
0000010000010000000010000000
0000010000010000000010000000
0000010000010000000010000000
0000010111111111111010000000
0000000000000000000000000000
0000000000000000000000000000
0000000000000000000000000000
0000000000000000000000000000
0000000000000000000000000000
0000000000000000000000000000
