0000000000000000000000000000
0000000000000000000000000000
0000000000000000000000000000
0000000000000000000000000000
0000000000000000000000000000
0000000000000000000000000000
0000000000000000000000000000
0000000000000000111100000000
0000000000111111111100000000
0000000000111111111100000000
0000000000111111110100000000
0000000000100000001100000000
0000000000110000001100000000
0000000000100010001100000000
0000000000100011001100000000
0000000000110010001100000000
0000000000100010001100000000
0000000000110111111100000000
0000000000101111111100000000
0000000000101111111000000000
0000000000101110011100000000
0000000000101111011000000000
0000000000100010011000000000
0000000000110010011000000000
0000000000100011011000000000
0000000000101111111100000000
0000000000101111111000000000
0000000000101111111000000000
