0000000000000000000000000000
0000000000000000000000000000
0000000000000000000000000000
0000000000000000000000000000
0000000000000000000000000000
0000000000000000000000000000
0001011011011011011011000000
0001000000000100000000000000
0000000000000100000001000000
0001000000000000000000100000
0001000000000100000000000000
0000000000000100000000100000
0001000000000000000000100000
0001000000000100000000000000
0000000000000100000000100000
0001110110110101101101000000
0000100000000100000000100000
0001000000000000000000100000
0001000000000100000000000000
0000000000000100000000100000
0001000000000000000000100000
0010110110101110110110100000
0001000000000000000000000000
0000000000000000000000000000
0000000000000000000000000000
0000000000000000000000000000
0000000000000000000000000000
0000000000000000000000000000
