0000000000000000000000000000
0000000000000000000000000000
0010111111111111111111110000
0111111111111111111111111000
0111111111111111111111111000
0111110000111000000000111000
0111000000111000000001111000
0111000000111000000001111000
0111000000111000000001110000
0111000000111100000001110000
0111000000011100000001110000
0111000001111111111011110000
0111111111111111111111110000
0111111111111111111111100000
0111111111111000000011100000
0111100000111000000011100000
0111000000111000000011100000
0111000000111000000111100000
0111000001111000000111100000
0111000001111000000111000000
0111000001110000000111000000
0111000001110000000111000000
0111000001110000001111000000
0111111111111111111111100000
0111111111111111111111110000
0011111111111111111111110000
0011000000000000000000000000
0000000000000000000000000000
