0000000000000000000000000000
0000000000000000000000000000
0000000000000000000000000000
0000000000000000000000000000
0000000000000000000000000000
0000000000000000000000000000
0000000000000000000000000000
0000000111111111111111100000
0000000100000001000000100000
0000000100000001000000100000
0000000100000001000000100000
0000000100000001000000100000
0000000100000001100000100000
0000000100000000101111100000
0000000111111111111000100000
0000000100000000100000100000
0000000100000000100000100000
0000000100000000100000100000
0000000100000000100000100000
0000000100000000100000100000
0000000100000000100000100000
0000000111111111111111100000
0000000000000000000000000000
0000000000000000000000000000
0000000000000000000000000000
0000000000000000000000000000
0000000000000000000000000000
0000000000000000000000000000
