0000000000000000000000000000
0000000000000000000000000000
0000000000000000000000000000
0000000000000000000000000000
0000000111111111110000000000
0000001000001000001000000000
0000001000001000001000000000
0000001000001000001000000000
0000001000010000001000000000
0000001000010000001000000000
0000001000010000001000000000
0000001101010000001000000000
0000001010011111111000000000
0000001000010000001000000000
0000001000010000001000000000
0000001000010000001000000000
0000001000010000010000000000
0000001000010000010000000000
0000000000010000100000000000
0000111101011010100000000000
0000000010101010100000000000
0000000000000000000000000000
0000000000000000000000000000
0000000000000000000000000000
0000000000000000000000000000
0000000000000000000000000000
0000000000000000000000000000
0000000000000000000000000000
