0000000000011111111111111111
0000000011111111111111111111
0001001111111100000000000011
0011111111110000000000000000
0011111110000000000000000000
0011111100000000000000000000
0011110000000001000000000000
0001110000000011100000000000
0001110000000011100000000000
0001110000000011100000000001
0001110000000011110000000001
0001110000000001110011110001
0001110011111111111111111001
0001110111111111111111111001
0011110011111111111110000011
0011110000000001110000000111
0011110000000001110000000111
0111110000000001110000000111
0111110000000001110000001110
0111110000000001110000001110
0111110000000001110000001110
0111110000000001110000001110
0011111000000000110000011110
0001111110000000000000011100
0000011110000000000000111100
0000011111100000000000111100
0000000111111100000000111000
0000000011111111111111111000
