0000000000000000000000000000
0000000000000000000000000000
0000000000000000000000000000
0000000000000000000000011000
0001000000000000000001111100
1111111111111111111111111100
1111111111111111111111111100
1111111111111111111111111100
0011100000000111000000011100
0011100000000111000000011100
0011100000000111000000011100
0011100000000111000000011100
0011100000000111000000011100
0011111111111111111111111100
0011111111111111111111111100
0011111111111111111111111100
0011100000000111000000011100
0011100000000111000000011100
0011100000000011000000011100
0011111111111111111111111100
0011111111111111111111111110
0011111111111111111111111110
0111100000000000000000000000
0111000000000000000000000000
0011000000000000000000000000
0000000000000000000000000000
0000000000000000000000000000
0000000000000000000000000000
