0000000000000000000000000000
0000000000000000000000000000
0000000000000000000000000000
0000000000000111110000000000
0000111111111100011000000000
0000100000011000001000000000
0000100000010000001000000000
0000100000010000001000000000
0000100000010000001000000000
0000100000010000001000000000
0000100000010000001000000000
0000100000110000001000000000
0000111111111111111000000000
0000110000100000001000000000
0000100000100000001000000000
0000100000100000001000000000
0000100000100000001000000000
0000100000100000001000000000
0000100000100000001000000000
0000100000100000001000000000
0000100000111111111000000000
0000111111100000001000000000
0000010000000000000000000000
0000000000000000000000000000
0000000000000000000000000000
0000000000000000000000000000
0000000000000000000000000000
0000000000000000000000000000
