0000000000000000000000000000
0000000000000000000000000000
0000000000000000000000000000
0000000000000000000000000000
0000000000000000000000000000
0000000000000000000000000000
0000000000000000000000000000
0000000000111111110000000000
0011111111110000011000000000
0010000000010000001000000000
0010000000010000001000000000
0010000000010000001000000000
0010000000010000001000000000
0010000000010000001000000000
0010000000010000001000000000
0010000000010000001000000000
0011111111111111111000000000
0010000000010000001100000000
0010000000010000000100000000
0010000000110000000100000000
0010000000100000000100000000
0010000000100000000100000000
0010000000110000000100000000
0011111111111111111100000000
0000000000000000000000000000
0000000000000000000000000000
0000000000000000000000000000
0000000000000000000000000000
