0000000000000000000000000000
0000000000000000000000000000
0000000000000000000000000000
0000000000000000000000000000
0000111111111111111100000000
0000100000000100000011110000
0000100000000100000000010000
0001100000000100000000010000
0001000000000100000000010000
0001000000000100000000010000
0001000000000100000000010000
0001000000000100000000010000
0001000000000100000000011000
0001000000000100000000001000
0001000000000100000000001000
0001111111111111111000001000
0001000000001100000111111000
0001000000001000000000001000
0001000000001000000000001000
0001100000001000000000001000
0000100000001000000000001000
0000100000000000000001111000
0000011111111111111111000000
0000000000000000000000000000
0000000000000000000000000000
0000000000000000000000000000
0000000000000000000000000000
0000000000000000000000000000
