0000000000000000000000000000
0000000000000000000000000000
0000000000000000000000000000
0000000000000000000000000000
0000000000000000000000000000
0000000000000000000000000000
0000000000000000000000000000
0000000000000000000000000000
0000000000000000000000000000
0000000011111111110000000000
0000000110000010011000000000
0000000100000010001100000000
0000000100000010000100000000
0000000100000111111100000000
0000000100111110000100000000
0000000100000010000100000000
0000000100000010000100000000
0000000100000010000100000000
0000000100000111111100000000
0000000011111100000100000000
0000000000000000000000000000
0000000000000000000000000000
0000000000000000000000000000
0000000000000000000000000000
0000000000000000000000000000
0000000000000000000000000000
0000000000000000000000000000
0000000000000000000000000000
