0000000000000000000000000000
0000000000000000000000000000
0000000000000000000000000000
0000000000000000000000000000
0000000000000000000000000000
0000000000000000000000000000
0000111111110000000000000000
0010000000001111111111100000
0010000000000000000000110000
0001100000000000000000010000
0000100000000100000000010000
0000100000001100000000010000
0000010110001001111000110000
0000010001111111000000100000
0000011000001000000000100000
0000001000001000000000100000
0000001111111111100000100000
0000001000000000111111110000
0000000000000000000001100000
0000000000000000000000000000
0000000000000000000000000000
0000000000000000000000000000
0000000000000000000000000000
0000000000000000000000000000
0000000000000000000000000000
0000000000000000000000000000
0000000000000000000000000000
0000000000000000000000000000
