0000000000000000000000000000
0000000000000000000000000000
0000000000000000000000000000
0000000000000000000000000000
0000000000000000000000000000
0000000000000000000000000000
0000000000000000000000000000
0000000000000000111100000000
0000000111111111000111111000
0010000000000000000000001000
0010000000011000000000011000
0010000000010000000000010000
0010000000010000000000010000
0010000000010000000000100000
0010000000010111110000100000
0010001111111000000000100000
0010000000010000000001100000
0011000000010000000001000000
0001000000100000000001000000
0001000000100000000011000000
0001000111111111111110000000
0000000000000000000000000000
0000000000000000000000000000
0000000000000000000000000000
0000000000000000000000000000
0000000000000000000000000000
0000000000000000000000000000
0000000000000000000000000000
