0000000000000000000000000000
0000000000000000000000000000
0000000000000000000000000000
0000000000000000000000000000
0000000000000000000000000000
0000000000000000000000000000
0000000000011111111111111000
0000000001001111111111110000
0000000011011111111111111000
0000000001000000000000011000
0000000001000001100000010000
0000000011000001000000011000
0000000001000001100000110000
0000000011111111100000111000
0000000001111111110000110000
0000000001111111110000110000
0000000011000111110000110000
0000000001000001100001110000
0000000001000001000001100000
0000000011000011100001110000
0000000001000011000011100000
0000000011000011100001100000
0000000001000011000011000000
0000000001000000000011000000
0000000000011111111111111000
0000000000011111111111111000
0000000000011111111111111000
0000000000000000000000000000
