0000000000000000000000000000
0000000000000000000000000000
0000000000000000000000000000
0000000000000000000000000000
0000000000000000000000000000
0000000011111111000000000000
0000000011111111111111000000
0000000011111111111111100000
0000000011000001111111100000
0000000011000000000001100000
0000000011000000110001100000
0000000011000000110001100000
0000000011111111110001100000
0000000011111111111001100000
0000000011111111111001100000
0000000011000011111001100000
0000000011000001100001100000
0000000111000001100001100000
0000000011000011100001100000
0000000111000011100011100000
0000000110000011000001100000
0000000010000011000011000000
0000000110000000000011000000
0000000001111100000011000000
0000000011111111110011000000
0000000001111111111111100000
0000000000000111111111111000
0000000000000000011111111000
