0000000000000000000000000000
0000000000000000000000000000
0000000000000000000000000000
0000000000000000000000000000
0000000100000000000000000000
0000001111111111111111111111
0000001111111111111111111111
0000001111111111111111111111
0000001110000000001110000011
0000001110000000001110000011
0000001110000000001110000011
0000001110000011111111111111
0000001111111111111111111111
0000001111111111111111111111
0000001111111111001110000011
0000001110000000001110000011
0000001110000000001110000011
0000001110000000001110000011
0000001110000000001110000011
0000001110000000001110000011
0000001110000000001110000001
0000001110000000001110000000
0000001110000000001110000000
0000001111111111111111111111
0000001111111111111111111111
0000000111111111111111111111
0000000000000000000000000000
0000000000000000000000000000
