0100100100010010001001001001
0010010010100100100100100100
1001001000010010101010010010
0100100101001001000001010100
0010010010100100101100100010
1001001111111111110010010101
0100101110111011011101010010
0010011100000110100111101000
1001001101011100010101000101
0100101000101010100011101010
0010011010011001010101010001
1001011001011010001001101010
0100101010011011111001001001
0010010111111101110101101010
1001110011101010001001100100
0100110100011001010011010010
0010110010101101001001101001
1000110100011010010110101010
0101111010101111111101101001
0010101111111101000011100100
1000010000000010101001101010
0101001010101001001010100100
0010100100101010010000010010
1000010010010001001010101001
0101001010100100100101000100
0010100100010010010000101010
1001010010101001001010010001
0100001001000100101001001010
