0000000000000000000000000000
0000000000000000000000000000
0000000000000000000000000000
0000000000000000000000000000
0000000000000000000000000000
0000000000000000000000000000
0000000000000001110000000000
0011000000001110010000000000
0001000000110000001000000000
0001001111000000001000000000
0001010000000000001000000000
0001000000000000001000000000
0001000010000000001000000000
0001000010000000001000000000
0001000010000000001000000000
0001000010001111001000000000
0001000111110000001000000000
0001111010000000001000000000
0001000010000000001000000000
0001000010000000001000000000
0001000010000000001000000000
0001000010000000001000000000
0001001111111111111100000000
0000000000000000001000000000
0000000000000000000000000000
0000000000000000000000000000
0000000000000000000000000000
0000000000000000000000000000
