0000000000000000000000000000
0001111111111100000000000000
0111111111111111111111111000
1111111111111111111111111100
1111000000011111111111111100
1111000000001110000000011100
0111000000001110000000011100
0111000000001110000000011100
0111000000001110000000011100
0111000000001110000000011100
0111000000001110000000011100
0111000000001110000000011100
0111000000001110000000011100
0111000000001110000000011100
0111111111101110000000111100
0111111111111111111111111100
0111111111111111111111111100
0111000000111111111111111100
0111000000000111000000011100
0111000000000111000000011110
0111000000000111000000001110
0111000000000111000000001110
0111000000000111000000001110
0111000011111111111111111110
0111111111111111111111111110
0111111111111111111111111110
0111111110000000000000000000
0011000000000000000000000000
