0000000000000000000000000000
0000000000000000000000000000
0000000000000000000000000000
0000000000000000000000000000
0000011111111111111111000000
0000111111111111111111000000
0000111111111111111111000000
0000111000011100000111000000
0000111000011100000111000000
0000111000011100000111000000
0000111000011100000111000000
0000111000011100000111000000
0000111000011100000111000000
0000111111111111111111000000
0000111111111111111111000000
0000111111111111111111000000
0000111000011100000111000000
0000111000011100000111000000
0000111000011100000111000000
0000111111111100000111000000
0000111111111111111111000000
0000111111111111111111000000
0000000000111111111111000000
0000000000000000000000000000
0000000000000000000000000000
0000000000000000000000000000
0000000000000000000000000000
0000000000000000000000000000
