0000000000000000000000000000
0000000000000000000000000000
0000000000000000000000000000
0000000000000000000000000000
0000000000000000000000000000
0000000000000000000000000000
0000000000000000000000000000
0000001111111111111111110000
0000001000000001000000010000
0000001000000001000000010000
0000001000000001000000010000
0000001000000001000000010000
0000001000000001000000010000
0000001000000001000000010000
0000001111111111111111110000
0000001000000001000000010000
0000001000000001000000010000
0000001000000001000000010000
0000001000000001000000010000
0000001000000001000000010000
0000001000000001000000010000
0000001100000001100000010000
0000000111111111111111110000
0000000000000000000000000000
0000000000000000000000000000
0000000000000000000000000000
0000000000000000000000000000
0000000000000000000000000000
