0000000000000000000000000000
0000000000000000000000000000
0000000000000000000000000000
0000000000000000000000000000
0000000000000000000000000000
0000000000000000000000000000
0000111111000000011111000000
0000100001111111110001000000
0000100000001000000001000000
0000100000001000000001000000
0000100000001000000001000000
0000100000001000000001000000
0000100000001000000001000000
0000100000001000000001000000
0000111111111000000001000000
0000110000011111111111000000
0000100000000100000001000000
0000100000000100000001000000
0000100000000100000001000000
0000100000000100000001000000
0000100000000100000001100000
0000100000000100000000100000
0000111111111100000000100000
0000000000001111111111100000
0000000000000000000000000000
0000000000000000000000000000
0000000000000000000000000000
0000000000000000000000000000
