0000000000000000000000000000
0000000000000000000000000000
0000000000000000000000000000
0000000000000000000000000000
0000000000000000000000000000
0000000000000000000000000000
0000000000000000000000000000
0000000000100000100000000000
0000000000000000000000000000
0000000000000000000000000000
0000000000000000000000000000
0000000000100000000000000000
0000000010000000100000000000
0000000000000001000000000000
0000000000010000000000000000
0000000000100010000000000000
0000000100000000000000000000
0000000000000000000000000000
0000000000000000000000000000
0000000000000000000000000000
0000000000000000000000000000
0000000000000000000000000000
0000000000000000000000000000
0000000000000000000000000000
0000000000000000000000000000
0000000000000000000000000000
0000000000000000000000000000
0000000000000000000000000000
