0000000000000000000000000000
0000000000000000000000000000
0000000000000000000000000000
0000000000000000000000000000
0000000000000000000000000000
0000111111111111111100000000
0000100000010000000100000000
0000100000010000000100000000
0000100000010000000100000000
0000100000110000000100000000
0000100000100000000100000000
0000100000100000000100000000
0000100000100000000100000000
0000111111111111110100000000
0000100000100000000100000000
0000100000100000000100000000
0000100000100000000100000000
0000100000100000000100000000
0000100000100000000100000000
0000100000000000000100000000
0000111111111111111100000000
0000000000000000000100000000
0000000000000000000000000000
0000000000000000000000000000
0000000000000000000000000000
0000000000000000000000000000
0000000000000000000000000000
0000000000000000000000000000
