0000000000000000000000000000
0000000000000000000000000000
0000000000000000000000000000
0000000000000000000000000000
0000000000000000000000000000
0000000000000000000000000000
0000000000000000000000000000
0000000000000000000000000000
0000000000111111111111110000
0000001011000000000000010000
0000001000000110000000010000
0000000100000010000000010000
0000000100000010000000010000
0000000100000010011111110000
0000000100001111100000010000
0000000100010010000000010000
0000000101100010000000010000
0000000100000010000000010000
0000000100000010000000010000
0000000100000010011000110000
0000000100000010001000100000
0000000111111111111100100000
0000000100000000000110100000
0000000100000000000011100000
0000000000000000000000000000
0000000000000000000000000000
0000000000000000000000000000
0000000000000000000000000000
