0000000000000000000000000000
0000000000000000000000000000
0000000000000000000000000000
0000000000000000000000000000
0000000000000000000000000000
0000000000000000000000000000
0000000000000000000000000000
0000000000000000000000000000
0001011111111111111111000000
0001000000000000000001000000
0001000000011000000001000000
0001000000011000000001000000
0001000000001000000001000000
0001000000001000000001000000
0001100000001000000011000000
0000100000001000000010000000
0000100111111111111010000000
0000100000001000000110000000
0000010000001000000100000000
0000010000001000001100000000
0000010000001100001000000000
0000010000001100010000000000
0000001000001100010000000000
0000000000001100001000000000
0000000111111111111000000000
0000000000000000000000000000
0000000000000000000000000000
0000000000000000000000000000
