1111111111111111111111111111
1111111111111111111111111111
1111111111111111111111111111
1111111111111111111111111111
1111111111111111111111111111
0110101000000000000010011111
1011010111111111111111111111
0110101000000000000000001111
0000000001011011010100011111
0010000110100110111111101111
0000100010000010101000001111
1001000010101010001011001111
0000010010001010101000001111
0100000010100011001001001111
0010000011101011011001001111
1100010010010110100001001111
0110000010000010000010001111
0110110011001010000001011111
0110101010001010110010101111
0111011110010010100001111111
0110000010000000000010001111
1111000001111111111110001111
0111111000010111100000101111
1111000110010111100001001111
1111111001111111111110111111
1111111110010111100001101111
1111111111111111111111111111
1111111111111111111111111111
