0000000000000000000000000000
0000000000000000000000000000
0000000000000000000000000000
0000000000000000000000000000
0000000000000000000000000000
0000000111111111111100000000
0000011100000000000100000000
0000010000000000000100000000
0000010000000010000100000000
0000010000000010000100000000
0000010000111111111100000000
0000010111000010000100000000
0000010000000010000100000000
0000010000000010000100000000
0000011000000010001100000000
0000001111111111111000000000
0000000000000000000000000000
0000000000000000000000000000
0000000000000000000000000000
0000000000000000000000000000
0000000000000000000000000000
0000000000000000000000000000
0000000000000000000000000000
0000000000000000000000000000
0000000000000000000000000000
0000000000000000000000000000
0000000000000000000000000000
0000000000000000000000000000
