0000000000000000000000000000
0000111111111110000000000000
0011111111111111111111100000
0111111111111111111111110000
0111000011110011111111110000
0111000011110000000011110000
0111000011100000000011110000
0111000011100000000011100000
0111000011100000000011100000
0111100011100000000011100000
0111111111100000000111100000
0111111111111111000111100000
0111111111111111100111000000
0111000111111111100111000000
0111000111000000000111000000
0111000111000000001111000000
0111000111000000001110000000
0111000111000000001110000000
0111000111000000011110000000
0111001111000000011110000000
0111111111111110011100000000
0111111111111111111100000000
0111111111111111011100000000
0011000000000000000000000000
0000000000000000000000000000
0000000000000000000000000000
0000000000000000000000000000
0000000000000000000000000000
