0000000000000000000000000000
0000000000000000000000000000
0001111111111111111111111110
0011111111111111111111111111
0011111111111111111111111111
0011100000000111000000000111
0011100000000111000000000111
0011100000000111000000000111
0011100000000111000000000111
0011100000000111000000000111
0011100000000111000000000111
0011100000000111100000000111
0011100111111111111111111111
0011111111111111111111111111
0011111111111111111111111111
0011111100000011100000000111
0011100000000011100000000111
0011100000000011100000000111
0011100000000011100000000011
0011100000000011100000000011
0011100000000011100000000011
0011100000000011100000000011
0011100000000011100000000011
0011111111111111111111111111
0001111111111111111111111111
0001111111111111111111111111
0000000000000000000000000000
0000000000000000000000000000
