0000000000000000000000000000
0000000000000000000000000000
0000000000000000000000000000
0000000000000000000000000000
0000000000000000000000000000
0000001000000111111111000000
0000001111111000000001100000
0000011000000000000000110000
0000001000000000000000010000
0000010000000000000000010000
0000010000000100000000010000
0000010000000100000000010000
0000010000000100000000010000
0000010000000100000000010000
0000010000000100000000010000
0000010000000111111100010000
0000010000011100000000010000
0000010111100100000000010000
0000010100000100000000010000
0000010000000100000000010000
0000010000000000000000010000
0000010000000000010000010000
0000010000000000011000010000
0000000000011111111100110000
0000000011100000000111100000
0000000000000000000000000000
0000000000000000000000000000
0000000000000000000000000000
