0000000000000000000000000000
0000000000000000000000000000
0000000000000000000000000000
0000000000000000000000000000
0000000000000000000000000000
0000000000000000000000000000
0000100000000000000000000000
0000111111111111111111000000
0000100000010000000001000000
0000100000010000000001000000
0000100000010000000001000000
0000100000010000000001000000
0000100000010000000001000000
0000100000010000000001000000
0000100000010000000001000000
0000100000010001111111000000
0000111111111110000001000000
0000100000010000000001000000
0000100000010000000001000000
0000100000010000000001000000
0000100000010000000001000000
0000100000010000000001000000
0000000000010000000001000000
0000111111111111111111110000
0000000000000000000000000000
0000000000000000000000000000
0000000000000000000000000000
0000000000000000000000000000
