0000000000000000000000000000
0000000000000000000000000000
0000000000000000000000000000
0000000000000000000000000000
0000000000000000000000000000
0000010000000000000000000000
0000010000000000000000000000
0000111111111111111000000000
0000110000000000001000000000
0000010000000000001000000000
0000010000001100001000000000
0000010000001000001000000000
0000001000001000001000000000
0000001000001000001000000000
0000001000001000001000000000
0000001000001000001000000000
0000001111111111111100000000
0000001000000100001000000000
0000001100000100001000000000
0000000100000100001100000000
0000000100000100001100000000
0000000100000100001100000000
0000000100000100001100000000
0000000100000100000100000000
0000000100000000000100000000
0000000100000000000100000000
0000000011111111111100000000
0000000000000000000000000000
