0000000000000000000000000000
0000000000000000000000000000
0000000111111111111111110000
0111111000000010000000011110
0100000000000010000000000010
0010000000000001000000000010
0010000000000001000000000010
0010000000000001000000000010
0010000000000001000000000010
0010000000000001000000000010
0010000000000001000000000010
0010000000000001000000000010
0010000000000011111111110110
0011100111111101000000001110
0010011000000001000000000010
0010000000000001000000000010
0010000000000001000000000010
0010000000000001000000000010
0010000000000001000000000010
0010000000000001000000000010
0110000000000001000000000010
0110000000000001000000000010
0010000000111111000000000010
0011111111000001111100000110
0000000000000000000011111111
0000000000000000000000000000
0000000000000000000000000000
0000000000000000000000000000
