0000000000000000000000000000
0000000000000000000000000000
0000000000010010001001001000
0101001010101001001000100000
0010010001010100100101010100
0001001010100000000000000000
0010000000010000000000010100
0001000000001000000000010000
0010000000100000000001000000
0001000000010000000000101000
0010100000101000000000100000
0010000000000000000001000000
0001000001111001010100100000
0010101010101010000010010000
0010100101010001010101000000
0001010001001000000000100000
0101000000100000000010010000
0010000001010000000001000000
0001000000010000000010000000
0100100001000000000001000000
0010000000101000000100000000
0001000000010000000011000000
0010100000100000000001010000
0001000001010000000001000000
0100100100010100101010000000
0000010010100010010001000000
0000100100101010010100000000
0000000000000000000000000000
