0000000000000000000000000000
0000000000000000000000000000
0000000000000000000000000000
0000000000000000000000000000
0000000000000000000000000000
0000000000000000000000000000
0000010000000000000000000000
0000011111111111111110000000
0000010000000000000010000000
0000010000000100000010000000
0000010000000100000010000000
0000010000000100000010000000
0000010001111111110010000000
0000010000000100000010000000
0000010000000100000010000000
0000010000000100000010000000
0000010000000100000010000000
0000010000000000000010000000
0000001111111111111111000000
0000000000000000000000000000
0000000000000000000000000000
0000000000000000000000000000
0000000000000000000000000000
0000000000000000000000000000
0000000000000000000000000000
0000000000000000000000000000
0000000000000000000000000000
0000000000000000000000000000
