0000000000000000000000000000
0000000000000000000000000000
0000000000000000000000000000
0000000000000000000000000000
0000000000000000011111000000
0000000000100111111111000000
0000000000101111111111000000
0000000000100111110001000000
0000000000110001100011000000
0000000000100001000001000000
0000000000100001100011000000
0000000000110001100001000000
0000000000100001000011000000
0000000000110111100011000000
0000000000100111111111000000
0000000000100111111111000000
0000000000110001111111000000
0000000000100001100110000000
0000000000110001000110000000
0000000000100001100110000000
0000000000100001101110000000
0000000000110001001100000000
0000000000100000001111000000
0000000000110000000011000000
0000000000000111111111000000
0000000000001111111111000000
0000000000000111111111000000
0000000000000000000000000000
