0000000000000000000000000000
0000000000000000000000000000
0000000000000000000000000000
0000000000111111111000000000
0011111111111111111111100000
0111111111111111111111111000
0111111111111000001111111100
0111000000011100000000111100
0111000000011100000000011100
0111000000011100000000011100
0111000000011100000000111100
0111000000111100000000111100
0111000000111000111000111000
0111001111111111111100111000
0111011111111111111100111000
0111001111111111110000111000
0111000001110000000000111000
0111000001110000000000111000
0111000001110000000000111000
0111000001110000000000111000
0111000001110000000000111000
0111111111111111111111111000
0111111111111111111111111000
0111111111111111111111100000
0011000000000000000000000000
0000000000000000000000000000
0000000000000000000000000000
0000000000000000000000000000
