1111111111111111000000000000
1111111111111111111111111100
1100011111111111111111111111
1100000000001111111111111111
1100000000001110000000000111
1100000000001110000000000011
1100000000001110000000000011
1100000000001110000000000011
1100000000001110000000000011
1100000000001110000000000011
1100000000001110000000000011
1100000000001110000000000001
1111100000001110000000000001
1111111111111111111111111111
1111111111111111111111111111
1100111111111111111111111111
1100000000001110000000000011
1100000000001110000000000001
1100000000001110000000000001
1100000000011110000000000001
1100000000011110000000000001
1000000000011100000000000001
1000000000011100000000000001
1000000000011100000000000001
1000000000011100000000000001
1111111111111100000000000001
1111111111111111111111111001
1111111111111111111111111111
