0100101001010010100101001010
0101000101001010010100101001
0100110100101001010010100100
0101001010100101001010010101
0100100100101010101001010010
0101010010101001001010101010
0100101010010101010101001001
0101001011101111111110100100
1001010101110100000110101010
0101010010001010110011010101
0100101001010010101011001000
0101011010101010110101100110
0100110101001001101010101001
0101011010100101010011101010
0100101001010101101001010010
0101001101001010110101101001
0100101100101010101010101010
0101010110111111111010110101
0101010101000100100101101000
0100101100101010110100101010
0101000110100101010101110010
0100110110010101101010010101
0101001011101101011010110100
0100101010111011101101101010
0101010101010100100100101001
0100100100100101010010100100
0101010010010010010101010101
0100101010101010100100100100
