0000000000000000000000000000
0000000000000000000000000000
0000000000000011111100000000
0000000000011110000110000000
0000000011110000000010000000
0001111100010000000010000000
0000100000010000000010000000
0000100000010000000010000000
0000110000011000000010000000
0000010000001000000010000000
0000010000111111100010000000
0000010011001000000001000000
0000011110001000000001000000
0000011000001100000001000000
0000010000000100000001000000
0000011000000100000001000000
0000001000000100000001000000
0000001000000000001001000000
0000001000000000011111000000
0000000000000111110000000000
0000001111111100000000000000
0000000000000000000000000000
0000000000000000000000000000
0000000000000000000000000000
0000000000000000000000000000
0000000000000000000000000000
0000000000000000000000000000
0000000000000000000000000000
