0000000000000000000000000000
0000000000000000000000000000
0000000000000000000000000000
0000000000000000000000000000
0000111111111111111111100000
0001111111111111111111111000
0001111111111111111111111000
0001110000000111000000111000
0001110000000111000000111000
0001110000000111000000111000
0001110000000111000000111000
0001110000000111000000111000
0001110000000111000000111000
0001111111111111111111111000
0001111111111111111111111000
0001111111111111111111111000
0001110000000111000000111000
0001110000000111000000111000
0001110000000111000000111000
0001110000000111000000111000
0001110000000111000000111000
0001111111111111000000111000
0001111111111111111111111000
0001111111111111111111111000
0000110000000011111111111000
0000000000000000000000000000
0000000000000000000000000000
0000000000000000000000000000
