0000000000000000000000000000
0000000000000000000000000000
0000000000000000000000000000
0000000000000000000000000000
0000000000000000000000000000
0000000000000000000000000000
0000011111111111111100000000
0000010000000000000100000000
0000010000001000000100000000
0000010000001000000100000000
0000010000001000000100000000
0000010000001000000100000000
0000010000001000000100000000
0000010000001000000100000000
0000011111111111110100000000
0000010000001000000100000000
0000010000001000000100000000
0000010000001000000100000000
0000010000001000000100000000
0000010000001000000100000000
0000011111111111111100000000
0000000000000000000000000000
0000000000000000000000000000
0000000000000000000000000000
0000000000000000000000000000
0000000000000000000000000000
0000000000000000000000000000
0000000000000000000000000000
