0010010010010010010010010100
1001001001001001001010100101
0100100100100100101001010010
0010010010010010100101001001
1001001001001010010100101010
0100100100100111101101010101
0010101001010101110101001000
1001000011111111101101010101
0100101011111100010110100100
0010000101000101010101010010
1001010001010110100110010101
0100100101010100010101010100
0010010011001111111110100101
1001001001111111101101010100
0100100101110100010110100101
0010010011001110100110010100
1001000111000110101110101010
0100101011010110010110100100
0010000011001011001010101010
1001010101100110101010100101
0100010011010111110110101000
0010100101111111010101010101
1001001001101000101010001001
0100100010010101010010100100
0010010101000100101001010101
1001000000101010010100101000
0100101010100101001010100101
0010001001001000100100010010
