0000000000000000000000000000
0000000000000000000000000000
0000000000000000000000000000
0000000000000010111111110000
0000001111111111111111110000
0000011111111111111111110000
0000011111111101000001110000
0000011100001100000001100000
0000011100011100000011110000
0000011100001110000001110000
0000111100011100000011100000
0000011000011100000001110000
0000111100011100000001110000
0000111000001110001111110000
0000111000011111111111110000
0000111111111111111111110000
0000111111111111110101110000
0000111111111110000001110000
0000111000001100000001110000
0000111000001110000001110000
0000111000011110000001110000
0001110001011110101001110000
0001111111111111111111110000
0001111111111111111111100000
0001111110100100101011000000
0000000000000000000000000000
0000000000000000000000000000
0000000000000000000000000000
