0000000000000000000000000000
0000000000000000000000000000
0000000000000000000000000000
0000000000000000000000000000
0000000000000000000000000000
0000001111111111111100000000
0000111111111111111110000000
0001111111111111111110000000
0001111000010000011110000000
0001110000111000011110000000
0001110000111100011100000000
0001110000011100011100000000
0001110000011100011100000000
0001111111111111111100000000
0001111111111111111100000000
0001111111111111111100000000
0001110000011100011100000000
0001110000011100011110000000
0001110000011100001110000000
0001111111111111111110000000
0001111111111111111110000000
0000111111111111111100000000
0000000000000000000000000000
0000000000000000000000000000
0000000000000000000000000000
0000000000000000000000000000
0000000000000000000000000000
0000000000000000000000000000
