0000000000000000000000000000
0000000000000000000000000000
0000000000000111111111100000
0000000011111000000000110000
0000001100000000000000010000
0000001000000010000000010000
0000001000000010000000010000
0000001000000010000000010000
0000001000000010000000010000
0000001000000010000000010000
0000001000000010111111010000
0000001000011111000000010000
0000001001110010000000010000
0000001010000010000000010000
0000000100000010000000010000
0000000100000010000000010000
0000000100000010000000010000
0000000100000000000000010000
0000000100000000000000010000
0000000100000000010000110000
0000000101111111011000100000
0000000000000000001100100000
0000000000000000000111000000
0000000000000000000011000000
0000000000000000000000000000
0000000000000000000000000000
0000000000000000000000000000
0000000000000000000000000000
