0000000000000000000000000000
0000000000011111111111100000
0000001111111111111011110000
0000011111011010101111010000
0000011011110010000001111000
0000111100000111000000111000
0000110100000111000000110000
0000111000000111000000111000
0000101000000101000000111000
0000111000000111000000101000
0000111000000111000000111000
0000110000000110100000111000
0001111000111111111111101000
0001101111111011111101111000
0001110111101110101111101000
0001011101000011100000111000
0001110000000011100000111000
0001110000000011000000101000
0001100000000011100000111000
0001110000000011100000111000
0001110000000010110000110000
0001010000000001110001111000
0001111111111111111111010000
0001101111111111011011110000
0000111101011011111111100000
0000000000000000000000000000
0000000000000000000000000000
0000000000000000000000000000
