0000000000000000000000000000
0000000000000000000000000000
0000000000000000000000000000
0000000000000000000000000000
0000000000000111111111111100
0000011111111110000000000100
0000010000000010000000001100
0000010000000010000000001000
0000010000000010000000001000
0000010000000010000000001000
0000010000000010000000010000
0000010000000010000000010000
0000011111111111111111100000
0000010000000010000000100000
0000010000000010000000100000
0000010000000010000000100000
0000010000000010000000100000
0000010000000010000000100000
0000010000000010000000100000
0000010000000010000111100000
0000010111111111111000100000
0000011100000010000000000000
0000000000000000000000000000
0000000000000000000000000000
0000000000000000000000000000
0000000000000000000000000000
0000000000000000000000000000
0000000000000000000000000000
