0000000000000000000000000000
0000000000000000000000000000
0000000000000000000000000000
0000000000000000000000000000
0000000011111111111111000000
0000000111111111111111100000
0000010111111111111111111000
0000111000000011100001111000
0000111000000011100000111000
0000111100000011100000111000
0000011100000011100000111000
0000011100000011110000111000
0000011100011111111100111000
0000011101111111111110111000
0000011111111111111110111000
0000011101110011100000111000
0000011100000011100000111000
0000111100000011100000111000
0000111000000111000000111000
0000111000000111000000111000
0000111000000111000001111000
0000111100000011000001110000
0000011111111111000001110000
0000011111111111111101110000
0000011111111111111110110000
0000011000000001111110000000
0000000000000000000000000000
0000000000000000000000000000
