0000000000000000000000000000
0000000000000000000000000000
0000000011100000000000000000
0000011100011000000000000000
0000010000000111000000000000
0001110000001001110000000000
0001100000001000001100000000
0001100000001000000011100000
0001010000001000000000100000
0001100000001000000000100000
0000100000001000000000100000
0000100000001000000000100000
0000100000000100000000100000
0000010000000100000000100000
0000010000000010000000100000
0000001001111101000000100000
0000001001000011000000100000
0000001000000001111111111000
0000001000000000100000100000
0000000100000000010000100000
0000000010000000111111100000
0000000010000011010000100000
0000000010001100001000100000
0000000010010000000100100000
0000000001100000000100100000
0000000001100000000110100000
0000000001100000000011010000
0000000000100000000001111000
