0000000000000000000000000000
0000000000000000000000000000
0000000000000000000010110000
0000000000001011111111110000
0000111111111111111111111000
0000111111111111111101110000
0000111111111100000001110000
0000111000001110000001110000
0000111000011100000001110000
0000111000001110000001110000
0001110000001110000011100000
0000111000001110001111110000
0001110001011111111111100000
0001111111111111111111110000
0001111111111111110011100000
0001111110101110000001100000
0001110000001110000011110000
0001110000001110000011100000
0001110000000111000001100000
0001110000001110000011110000
0001110010101111111111100000
0011111111111111111111100000
0111111111111111111111100000
0011101101010100000000000000
0000000000000000000000000000
0000000000000000000000000000
0000000000000000000000000000
0000000000000000000000000000
