0000000000000000000000000000
0000000000000000000000000000
0000000000000000000000000000
0000000000000000000000000000
0000000000000000000000000000
0000011111111111111111000000
0000110000001000000001000000
0000010000001000000001000000
0000010000001000000001000000
0000010000001000000001000000
0000010000001000000001000000
0000010000001000000001000000
0000011111111111111001000000
0000011000001000000001000000
0000010000001000000001000000
0000010000001000000001000000
0000010000001000000001000000
0000010000001000000001000000
0000010000000000000001000000
0000010111111111110000000000
0000001000000000000000000000
0000000000000000000000000000
0000000000000000000000000000
0000000000000000000000000000
0000000000000000000000000000
0000000000000000000000000000
0000000000000000000000000000
0000000000000000000000000000
