0000000000000000000000000000
0000000000000000000000000000
0000000000000000000000000000
0000000000000000000000000000
0001100000000000000000000000
0001011111100000000000000000
0001000000011111111111111000
0001000000001000000000001000
0001000000001000000000001000
0001000000001000000000001000
0001000000001000000000010000
0001000000001000000000010000
0001000000001000000000010000
0001000000001000000000100000
0001000000001000000000100000
0001000000001000000000100000
0001111111111111111110100000
0001000000001000000000100000
0001000000001000000000100000
0010000000001000000000100000
0010000000001000000000100000
0010000000001000000000100000
0010000000001000000000100000
0010000000001000000000100000
0010000000001000000000100000
0010000000001000000000100000
0011111111111111111111100000
0000000000000000000000000000
