0000000000000000000000000000
0000000000000000000000000000
0000000000000000000000000000
0000000000000000000000000000
0000000000000000000000000000
0000000000000000000000000000
0000000000000000000000000000
0000000000000000000000000000
0000010000000000000000000000
0000010000000111111111110000
0000001001111000000000010000
0000001000000000000000010000
0000000100000000000000010000
0000000010000010000000010000
0000000010001010000000010000
0000000010001010000000100000
0000000001001111111110100000
0000000000101110000000100000
0000000000100110000001000000
0000000000010110000001000000
0000000000001110000001000000
0000000000001110000010000000
0000000000001111000010000000
0000000000001111111110000000
0000000000000000000000000000
0000000000000000000000000000
0000000000000000000000000000
0000000000000000000000000000
