0000000000000000000000000000
0000000000000000000000000000
0000000000000000000000000000
0000000000000000000000000000
0000000000000000000000000000
0000100000000000000000000000
0000111111111111000000000000
0000100000000000111100000000
0000100000000000000111000000
0000100000000000100000111100
0000100000000000100000000110
0000100000000000100000000010
0000100000000000010000000010
0000100000000000010000000010
0000100000000000010000000010
0000010000000000010000000001
0000010001111111111111111111
0000010000000000010000000001
0000010000000000001000000001
0000010000000000001000000001
0000010000000000001000000011
0000010000000000001001111111
0000001000000000111110000000
0000001000000011000100000000
0000001111111100000100000000
0000000000000000000000000000
0000000000000000000000000000
0000000000000000000000000000
