0000000000000000000000000000
0000000000000000000000000000
0000000000000000000000000000
0000000000000000000000000000
0000000000000000000000000000
0000111111111111111100000000
0000100000010000000100000000
0000100000010000000100000000
0000100000010000000100000000
0000100000010000000100000000
0000100000010000000100000000
0000100000010000000100000000
0000100000010000000100000000
0000111111111111111100000000
0000100000010000000100000000
0000100000010000000100000000
0000100000010000000100000000
0000100000010000000100000000
0000100000010000000100000000
0000100000010000000100000000
0000100000111111111100000000
0000111111100000000100000000
0000000000000000000000000000
0000000000000000000000000000
0000000000000000000000000000
0000000000000000000000000000
0000000000000000000000000000
0000000000000000000000000000
