0000000000000000000000000000
0000000000000000000000000000
0000000000000000000000000000
0000000000000000000000000000
0000000000000000000000000000
0000000100000000000000000000
0000000100101011111000000000
0000000111101000000100000000
0000000100000100000100000000
0000000100000100000100000000
0000000100000100000100000000
0000000100001100000100000000
0000000100000100000100000000
0000000010000100000100000000
0000000100000100000100000000
0000000100001101011100000000
0000000111111101000100000000
0000000100000100000100000000
0000000100000100000100000000
0000000010000100000100000000
0000000100000100000100000000
0000000110000100000100000000
0000001011111111111110000000
0000000000000000000100000000
0000000000000000000000000000
0000000000000000000000000000
0000000000000000000000000000
0000000000000000000000000000
