0000000000000000000000000000
0000000000000000000000000000
0000000000000000000000000000
0000000000000000000000000000
0000000000000000000000000000
0000000000000000000000000000
0000000000000000000000000000
0000000000000000000000000000
0000000111110000000000000000
0000000110011111111100000000
0000000010000000000100000000
0000000010000010000100000000
0000000010000010000100000000
0000000010000010000100000000
0000000010011111110100000000
0000000010000010000100000000
0000000010000010000100000000
0000000010000010000100000000
0000000010000000011100000000
0000000001111111110000000000
0000000000000000000000000000
0000000000000000000000000000
0000000000000000000000000000
0000000000000000000000000000
0000000000000000000000000000
0000000000000000000000000000
0000000000000000000000000000
0000000000000000000000000000
