0000000000000000000000000000
0000000000000000000000000000
0000000000000000000000000000
0000000000000000000000000000
0000000000000000000000000000
0000010000000000000000000000
0000011111111111111111100000
0000010000000000010000100000
0000010000000000010000100000
0000010000000000010000100000
0000001000000000010000100000
0000001000000000010000100000
0000001000000000010000100000
0000001000011111111111111000
0000001011100000010000010000
0000001000000000010000010000
0000001000000000010000010000
0000001000000000010000010000
0000001000000000010000010000
0000001000000000010000010000
0000001000111111111111111000
0000000000000000110000010000
0000000000000000000000000000
0000000000000000000000000000
0000000000000000000000000000
0000000000000000000000000000
0000000000000000000000000000
0000000000000000000000000000
