0000000000000000000000000000
0000000000000000000000000000
0000000000000000000000000000
0000000000000000000000000000
0000000000000000000000000000
0000000000000000000000000000
0011111111111111111000000000
0001000000100000001000000000
0001000000100000001000000000
0001000000100000001000000000
0001000000100000001000000000
0001000000100000001000000000
0001000000100000001000000000
0001000000100000001000000000
0001111111111110001000000000
0001000000010011111000000000
0001000000010000001000000000
0001000000010000001000000000
0001000000010000001000000000
0001000000010000001000000000
0001000000010000000000000000
0001000000110000000000000000
0001111111111111111000000000
0000000000000000000000000000
0000000000000000000000000000
0000000000000000000000000000
0000000000000000000000000000
0000000000000000000000000000
