0000000000000000000000000000
0000000000000000000000000000
0000000000000000000000000000
0000000001111101000000000000
0000000001010111100000000000
0000000000000000111000000000
0000001100000000001100000000
0000000100000011000111000000
0000001100000001000011000000
0000000100000011010000100000
0000001101111011101010110000
0000000111011111111110100000
0000001100000001000000110000
0000001000000001000000100000
0000001100000011000000110000
0000000100000001000000100000
0000001100000011000001110000
0000000100000001000011000000
0000001100000001010110000000
0000000111111011111100000000
0000000001011110100000000000
0000000000000000000000000000
0000000000000000000000000000
0000000000000000000000000000
0000000000000000000000000000
0000000000000000000000000000
0000000000000000000000000000
0000000000000000000000000000
