0000000000000000000000000000
0000000000000000000000000000
0000000000000000000000000000
0000000000000000000000000000
0011111111111111111100000000
0111111111111111111110000000
0111111111111111111110000000
0111000000011000001110000000
0111000000111100001111000000
0111000000111100000111000000
0111000000111000000111000000
0111000000111000000111000000
0111000000111000000111100000
0111000001111000000011100000
0111000001111000000011100000
0111011111111111110011100000
0111111111111111111011100000
0111011111111111111011100000
0111000011110000000011100000
0111000011110000000011100000
0111000001110000000111100000
0111111111111111111111100000
0111111111111111111111100000
0111111111111111111110000000
0011000000000000000000000000
0000000000000000000000000000
0000000000000000000000000000
0000000000000000000000000000
