0000000000000000000000000000
0000000000000000000000000000
0000000000000000000000000000
0000000000000000000000000000
0011111111111111111000000000
0010000000010000001110000000
0010000000010000000010000000
0010000000010000000010000000
0010000000010000000010000000
0010000000010000000010000000
0010000000010000000010000000
0010000000010000000010000000
0010000000100000000010000000
0011111000100000000010000000
0010000111111111000010000000
0010000000100000111110000000
0010000000100000000010000000
0010000000100000000010000000
0010000000100000000100000000
0010000000100000000100000000
0010000000100000000100000000
0010000000100000000100000000
0011111111111111110100000000
0000000000000000011100000000
0000000000000000000000000000
0000000000000000000000000000
0000000000000000000000000000
0000000000000000000000000000
