0000000000000000000000000000
0000000000000000000000000000
0000000000000000000000000000
0000000000000000000000000000
0000000000000000000000000000
0000001111111111111000000000
0000011111111111111111000000
0000111111111111111111100000
0000111000001110001111100000
0000111000001110000011100000
0000111000001110000011100000
0000111000001110000011100000
0000111000001110000011100000
0000111111111111111111100000
0000111111111111111111100000
0000111111111111111111100000
0000111000001110000011100000
0000111000001110000011100000
0000111000001110000011100000
0000111000001110000011100000
0001111111111111111111110000
0000111111111111111111110000
0000111111111111111111000000
0000000000000000000000000000
0000000000000000000000000000
0000000000000000000000000000
0000000000000000000000000000
0000000000000000000000000000
