0000000000000000000000000000
0000000000000000000000000000
0000000000000000000000000000
0000000000000000000000000000
0000000000000000000000000000
0000111111111111111111110000
0000100000000100000000010000
0000100000000100000000010000
0000100000000100000000010000
0000100000000100000000010000
0000100000000100000000010000
0000100000000100000000010000
0000100000000100000000010000
0000100000000100000000010000
0000100000000100000000010000
0000100000000100000000010000
0000111111111111000000010000
0000100000000101111111110000
0000100000000100000000010000
0000100000000100000000010000
0000100000000100000000010000
0000100000000100000000010000
0000100000000110000000010000
0000100000000010000000010000
0000100000000010000000010000
0000111111111111111111110000
0000000000000000000000000000
0000000000000000000000000000
