0000000000000000000000000000
0000000000000000000000000000
0000111111111111111100000000
0001111111111111111110000000
0001111111111111111111000000
0011100000000000000111000000
0011100000000000000111000000
0011100000100000000111000000
0111100001110000000111000000
0111100001110000000111000000
0111000001110000000111000000
0111000001110000000111000000
0111000001111110000111000000
0111011111111111000111000000
0111111111111111000111000000
0111011111110000001111000000
0111000001110000001110000000
0111000011110000001110000000
0111000011110000001110000000
0111000011100000001110000000
0111000011100000011110000000
0111000011100000011110000000
0111111111111111111100000000
0111111111111111111100000000
0111111111111111111100000000
0111000000000000000000000000
0011000000000000000000000000
0000000000000000000000000000
