0000000000000000000000000000
0000000000000000000000000000
0000000000000000000000000000
0000000000000000000000000000
0000000000000000000000000000
0000000000000000000000000000
0000011111111111111111100000
0000111111111111111111110000
0000111111111111111111111000
0000011100000111000001111000
0000011100000111000001111000
0000011100000111000001110000
0000011100000111000001110000
0000011111111111111111110000
0000011111111111111111110000
0000011111111111111111110000
0000001110000111100001110000
0000001110000011100001110000
0000001110000011100001110000
0000001110000011100001110000
0000001110000011100011110000
0000001111111111111111110000
0000001111111111111111000000
0000001111111111111111000000
0000000110000000000000000000
0000000000000000000000000000
0000000000000000000000000000
0000000000000000000000000000
