0000000000000000000000000000
0000000000000000000000000000
0000000000000000000000000000
0000000000000000000000000000
0000000000000000000000000000
0000000000000000000000000000
0000011110000000000000000000
0000010001111111111000000000
0000010000000000001000000000
0000010000010000011000000000
0000010000010000010000000000
0000010000010000010000000000
0000010000010000010000000000
0000011111111111010000000000
0000010000010000010000000000
0000010000010000010000000000
0000010000010000010000000000
0000010000010000010000000000
0000001000010000011000000000
0000001000010000001000000000
0000001111111111111000000000
0000000000000000000000000000
0000000000000000000000000000
0000000000000000000000000000
0000000000000000000000000000
0000000000000000000000000000
0000000000000000000000000000
0000000000000000000000000000
