0000000000000000000000000000
0000000000000011111111111110
0111111111111101000000000010
0010000000000001000000000010
0010000000000001000000000010
0010000000000001000000000010
0001000000000001000000000010
0001000000000001000000000010
0001000000000001000000000001
0001000000000001000000000001
0001000000000001000000000001
0001000000000001000000000111
0001000000000001000011111101
0001111111111111111100000001
0001000000000000100000000001
0001000000000000100000000001
0001000000000000100000000001
0001100000000000100000000001
0000100000000000100000000001
0000100000000000100000000001
0000100000000000100000000001
0000100000000000100000000001
0000000000000001111111111111
0000111111111111000000000000
0000000000000000000000000000
0000000000000000000000000000
0000000000000000000000000000
0000000000000000000000000000
