0000000000000000000000000000
0000000000000000000000000000
0000000000000000000000000000
0000000000000000000000000000
0000000000000000000000000000
0000011111111111111111000000
0000010000000110000001000000
0000010000000100000001000000
0000010000000100000001000000
0000010000000100000001000000
0000010000000100000001000000
0000010000000100000001000000
0000010000000100000001000000
0000011111111111111111000000
0000010000000100000001000000
0000010000000100000001000000
0000001000000100000001000000
0000001000000100000001000000
0000001000000100000001000000
0000001000000100000001000000
0000001111111111111001000000
0000000000000000001111000000
0000000000000000000000000000
0000000000000000000000000000
0000000000000000000000000000
0000000000000000000000000000
0000000000000000000000000000
0000000000000000000000000000
