0000000000000000000000000000
0000000000000000000000000000
0000000000000000000000000000
0000000000000000000000000000
0000000000000000000000000000
0000000000000001111110000000
0000111111111111000011000000
0000100000000000000001000000
0000100000000000000000100000
0000010000000100000000100000
0000010000000100000000100000
0000010000000100000000100000
0000010000000100000000100000
0000001000000100000000100000
0000001000000101111100100000
0000001000011111000000100000
0000001111100010000001100000
0000001000000010000001000000
0000000100000010000001000000
0000000100000010000001000000
0000000100000010000011000000
0000000100000011111110000000
0000000000111110000000000000
0000000011100000000000000000
0000000000000000000000000000
0000000000000000000000000000
0000000000000000000000000000
0000000000000000000000000000
