0000000000000000000000000000
0000000000000000000000000000
0000000000000000000000000000
0000000000000000000000000000
0000000000000000000000000000
0000000000000000000000000000
0000000000000000000000000000
0000000000000000000000000000
0000000001111111111111000000
0001111111000000000001000000
0001100000000000000001000000
0000100000000000000001000000
0000100000000100000001000000
0000100000000100000001000000
0000100000000100000001000000
0000010011111111111101000000
0000010000000100000001000000
0000010000000100000001000000
0000010000000100000001000000
0000010000000100000001000000
0000010000000001111111100000
0000001111111111000000000000
0000000000000000000000000000
0000000000000000000000000000
0000000000000000000000000000
0000000000000000000000000000
0000000000000000000000000000
0000000000000000000000000000
