0000000000000000000000000000
0000000000000000000000000000
0000000000000000000000000000
0000000000000000000000000000
0000000000000000000000000000
0001000000000000000000111000
0001101111111111111111001000
0000111000000000000000001000
0000100000000000000000001000
0000100000000000000000001000
0000100000000000000000001000
0000100000000010000000001000
0000100000000010000000001000
0000100000000010000000001000
0000100000000001000011001000
0000010011111111111110001000
0000010000000001000000001000
0000010000000001000000001000
0000001000000001000000010000
0000001000000001000010110000
0000001000000001000011100000
0000001111111111111000000000
0000000000000000000000000000
0000000000000000000000000000
0000000000000000000000000000
0000000000000000000000000000
0000000000000000000000000000
0000000000000000000000000000
