0000000000000000000000000000
0000000000000000000000000000
0000000000000000000000000000
0000000000000000000000000000
0000001111000000000000000000
0000011111111111111111111000
0000011111111111111111111100
0000111001111111111111111100
0000111000000100000000011100
0000111000001110000000111100
0000111000001110000000111100
0000111000001110000000111000
0000111000001110000000111000
0000111000001110000000111000
0000111000001110000000111000
0000111000001111111100111000
0000111011111111111110111000
0000111111111111111110111000
0000111011111111000000111000
0000111100000111000000111000
0000111100000111000000111000
0000011100000111000000111000
0000011100000111000001111000
0000011100000111000001111000
0000011111111111111001110000
0000011111111111111111110000
0000011111111111111111110000
0000000000000000001111100000
