0000000000000000000000000000
0000000000000000000000000000
0000000000000000000000000000
0000000000000000000000000000
0000000000000000000000000000
0000000000000000000000000000
0000000000000000011111111110
0000011111111111100000000010
0000010000000000100000000010
0000010000000000100000000010
0000010000000000010000000010
0000010000000000010000000010
0000001000000000010011110010
0000001000000000111100000010
0000001000001111010000000010
0000001000110000010000000010
0000001000000000010000000010
0000001000000000010000000010
0000000100000000010000000010
0000000100000000010000000010
0000000100000000010000000000
0000000000000000010000000000
0000000111111111111111111110
0000000000000000000000000000
0000000000000000000000000000
0000000000000000000000000000
0000000000000000000000000000
0000000000000000000000000000
