1111111111111111111111111111
1111111111111111111111111111
1111111111111111111111111111
1111111111111111111111111111
1111111111111111111111111111
1111111111111111111111111111
1111111001111111111101111111
1111110101011011011010011111
1111111011111111111100110111
1111110111111111111110111111
1111111011111101111111011111
1111110111110101101111110111
1111111101011110101110111111
1111111011111110111111010111
1111101101101011011010111111
1111111111010100101010010111
1111111001111110111111111111
1111101111111101111110111111
1111111101111101111011011111
1111111110110101011110111111
1111101011111111111111011111
1111111101011011001000010111
1111101001110111101011011111
1111111111111111111101011111
1111111111111111101110111111
1111111111111111111111111111
1111111111111111111111111111
1111111111111111111111111111
