0011100000011111010000101111
0110011000000000001100111111
1000011000000000010001001111
0001100011111111100011001111
0010000000001111000000001111
0010000011110000100000001111
0001000000000000000001101111
1000001010010101010000101111
0100010101101101011101001111
0001010000000101000100001111
1000110000100100000100101111
1100010100000100000010101111
0000010000100100000000001111
0000010100100100000110011111
0000001011101101011010001111
0000101000010110101010001111
1010001001001000000110001111
1010001001100100010010101111
0000011001100100000010011111
0000001010000000010110001111
1000001000000000000010011111
0000000111111111111001001111
0000000111011010011001001111
1010101111011010011010011111
0101010111111111111101101111
1010101111011010011011011111
1111111111111111111111111111
1111111111111111111111111111
