0000000000000000000000000000
0000000000000000000000000000
0000000000000000000000000000
0000000000000000000000000000
0000000000000000000000000000
0000000000000000000000000000
0000000001100011111111111000
0000000011101111111111110000
0000000001101111111111111000
0000000001111110000000011000
0000000001100000000000010000
0000000001100011000000011000
0000000001100011000000011000
0000000001100011000000110000
0000000001111111111000111000
0000000011111111111000111000
0000000001111111111001110000
0000000001100011000001100000
0000000001100011000001110000
0000000001100111000011100000
0000000001100111000011100000
0000000001100110000111000000
0000000001111000000111000000
0000000001111110000111000000
0000000001111111110110000000
0000000000011111111110000000
0000000000000111111111100000
0000000000000000011111110000
