0000000000000000000000000000
0000000000000000000000000000
0001000000000000000000000000
0011111111111111111111111110
0011111111111111111111111111
0011111111111111111111111111
0011100000001110000000001110
0011100000001110000000011110
0011100000001110000000011100
0011100000001110011111111100
0011100000011111111111111100
0011111111111111111111111000
0011111111111111110001111000
0011111111111100000001111000
0011100000011100000001110000
0011100000011100000011110000
0011100000011100000011100000
0011100000111100000011100000
0011100000111000000111100000
0011100000111000000111100000
0011110000111000000111000000
0001110000111000000111000000
0001111111111111111111100000
0001111111111111111111100000
0001111111111111111111000000
0000000000000000000000000000
0000000000000000000000000000
0000000000000000000000000000
