0000000000000000000000000000
0000000000000000000000000000
0000000000000000000000000000
0000000000000000000000000000
0000010000000000000000000000
0000011111111111111111000000
0000010000000100000001000000
0000010000000100000001000000
0000010000000100000001000000
0000110000000100000001000000
0000100000000100000001000000
0000100000000100000001000000
0000100000000100000001000000
0000100000000100000001000000
0000100000011111111111000000
0000111111100100000001000000
0000100000000100000001000000
0000100000000100000001000000
0000100000000100000001000000
0000100000000100000001000000
0000100000000100000001000000
0000100000000100000001000000
0000100000000100000001000000
0000111111111111111110000000
0000000000000000000000000000
0000000000000000000000000000
0000000000000000000000000000
0000000000000000000000000000
