0000000000000000000000000000
0000000000000000000000000000
0000000000000000000000000000
0000000000000000111110000000
0000000001111111000011100000
0011111111000000000001100000
0010000000000000000001000000
0010000000110000000001000000
0010000000010000000001000000
0011000000010000000001000000
0001000000010000000001000000
0001000000010000000001000000
0001000000011111100001000000
0001000111111000000001000000
0001111100001000000001000000
0000100000001000000001000000
0000100000001000000011000000
0000100000001000000010000000
0000100000001000000010000000
0000100000001000000110000000
0000010000000000110100000000
0000010111111111111100000000
0000001100000000000000000000
0000000000000000000000000000
0000000000000000000000000000
0000000000000000000000000000
0000000000000000000000000000
0000000000000000000000000000
