0000000000000000000000000000
0000000000000000000000000000
0000000000000000000000000000
0000000000000000000000000000
0000000000000000000000000000
0000000000000000000000000000
0000000000000000000000000000
0000001111111111111100000000
0001010000010000000100000000
0001000000010000000100000000
0001000000010000000100000000
0001000000010000000100000000
0001000000010000000100000000
0001000000010000000100000000
0001011111111111100100000000
0001000000010000000100000000
0001000000010000000100000000
0001100000011000000100000000
0000100000001000000100000000
0000100000001000000100000000
0000100000001000001100000000
0000110000000000111000000000
0000001111111111100000000000
0000000000000000000000000000
0000000000000000000000000000
0000000000000000000000000000
0000000000000000000000000000
0000000000000000000000000000
