0000000000000000000000000000
0000000000000000000000000000
0000000000000000000000000000
0000000000000000000000000000
0000000000000000000000000000
0001111111111111110000000000
0001000000000000010000000000
0001000000000000010000000000
0001000001000000010000000000
0001000001000000010000000000
0001000001000000011000000000
0001000001000001101000000000
0001000111111111111000000000
0001111100100000001000000000
0001100000100000001000000000
0001000000100000001000000000
0001000000100000001000000000
0001110000100000011000000000
0001001111111111110000000000
0000000000000000000000000000
0000000000000000000000000000
0000000000000000000000000000
0000000000000000000000000000
0000000000000000000000000000
0000000000000000000000000000
0000000000000000000000000000
0000000000000000000000000000
0000000000000000000000000000
