0000000000000000000000000000
0000000000000000000000000000
0000000000000000000000000000
0000000000000000000000000000
0000000000000000000000000000
0000000000000000000000000000
0000001010101010100000000000
0000000000000001010101010000
0000001000000000000000000000
0000000000000001000000010000
0000001000000000000000000000
0000000000000001000000010000
0000001000000000000000000000
0000000000000001000000010000
0000001010101010101010100000
0000001000000001000000010000
0000000000000000000000000000
0000001000000001000000010000
0000000000000000000000000000
0000001000000001000000010000
0000000000000000000000000000
0000001101010110110101100000
0000000000000000000000000000
0000000000000000000000000000
0000000000000000000000000000
0000000000000000000000000000
0000000000000000000000000000
0000000000000000000000000000
