0000000000000000000000000000
0000000000000000000000000000
0000000000000000000000000000
0000000000000000000000000000
0000000000000000000000000000
0000000000000000000000000000
0000000000000000000000000000
0000001111111111111111110000
0000001100000000000000010000
0000001000000001000000010000
0000001000000001000000010000
0000001000000001000000010000
0000001000000001000000010000
0000001000000001000000010000
0000001000000001000000010000
0000001111111111111111010000
0000001000000001000000010000
0000001000000001000000010000
0000001000000001000000010000
0000000100000001000000010000
0000000100000001000000010000
0000001110000001000000010000
0000001001111101001111000000
0000000000000011111000000000
0000000000000000000000000000
0000000000000000000000000000
0000000000000000000000000000
0000000000000000000000000000
