0000000000000000000000000000
0000000000000000000000000000
0000000000000000000000000000
0000000000000000000000000000
0000000000011111110000000000
0011111111100000010000000000
0000000000000000001110000000
0001100000000000000010000000
0001000000000000000001000000
0001000000010000000001000000
0001000000010000000001000000
0001000000010000000001000000
0001000000010000000001000000
0001000000010000000001000000
0001000000010000000001000000
0001000000010000000001000000
0001000000010000000001000000
0001000000010000000001000000
0001000000010000000001000000
0001000001111111111111000000
0001011110010000000001000000
0001000000010000000001000000
0001000000010000000001000000
0001000000010000000001000000
0001000000001000000000100100
0001000000001000001111111100
0000101100000000111000110000
0000100011000000100000000000
