0000000000000000000000000000
0000000000000000000000000000
0000000000000000000000000000
0000000000000111111000000000
0001111111111111111110000000
0011111111111111111111100000
0011111111111110001111100000
0011110000011100000111100000
0001110000011100000011100000
0001110000011100000111100000
0001110000011110000111100000
0001110000001111111111000000
0001110001111111111111000000
0001111111111111111111000000
0001111111111111000111000000
0001111111101110000111100000
0001110000001111000011100000
0001110000000111000011100000
0001110000000111000011100000
0001110000000111000011100000
0000111000000111000001100000
0000111111111111111111000000
0000011111111111111111100000
0000011111111111111111100000
0000000000000000000000000000
0000000000000000000000000000
0000000000000000000000000000
0000000000000000000000000000
