0000000000000000000000000000
0000000000000000000000000000
0000000000000000000000000000
0000000000000000000000000000
0000000000000000000000000000
0000000000000000000000000000
0000000000000000000000000000
0000000000000000000000000000
0000011111111111111111000000
0000001000001000000001000000
0000001000001000000011000000
0000001000001000000010000000
0000001000001000000010000000
0000001000001000000010000000
0000001000001001111111000000
0000001111111111000010000000
0000001000001000000010000000
0000001000001000000010000000
0000001000001000000010000000
0000001000001000000110000000
0000001000001000000100000000
0000001000001000000100000000
0000000111111111111111100000
0000000000000000000100000000
0000000000000000000000000000
0000000000000000000000000000
0000000000000000000000000000
0000000000000000000000000000
