0000000000000000000000000000
0000000000000000000000000000
0000000000000000000000000000
0000000000000000000000000000
0001111111111111111110000000
0011111111111111111111000000
0011111111111111111111000000
0011100000011000000111000000
0011100000111100000111000000
0011100000111100000111000000
0011100000111000000111000000
0011110000111000000111000000
0001110000111001111111000000
0001111111111111111111000000
0001111111111111111111000000
0001111111111111100111000000
0001110000111000000111000000
0001110000111000000111000000
0001110000111000000111000000
0001110000111000000111000000
0001111111111111111111000000
0001111111111111111111000000
0000111111111111111111000000
0000000000000000000000000000
0000000000000000000000000000
0000000000000000000000000000
0000000000000000000000000000
0000000000000000000000000000
