0000000000000000000000000000
0000000000000000000000000000
0000000000000000000000000000
0000000000000000000000000000
0000100000000000000000000000
0001111111111111111111000000
0001111111111111111111100000
0001111111111111111111100000
0000111000001110000011100000
0000111000001110000011100000
0000111000001110000011100000
0000111000001110000011100000
0000111000001110000011100000
0000111000001110000011100000
0000111111111111111111110000
0000111111111111111111111000
0000111111111111111111111000
0000111000001110000011100000
0000111000011110000011100000
0001111000011100000011100000
0001111111111111111111100000
0001111111111111111111100000
0000111111111111111111000000
0000000000000000000111000000
0000000000000000000000000000
0000000000000000000000000000
0000000000000000000000000000
0000000000000000000000000000
