0000000000000000000000000000
0000000000000000000000000000
0000000000000000000000000000
0000000000000000000000000000
0000011111111111111110000000
0000110000000010000011100000
0000010000000010000000100000
0000010000000010000000100000
0000010000000010000000100000
0000010000000010000000100000
0000010000000010000000100000
0000010000000010000000100000
0000010000000010000000100000
0000010000000010000000100000
0000001111111111111110100000
0000001000000010000000100000
0000001000000010000000100000
0000001000000010000000100000
0000001000000010000000100000
0000001000000000000000100000
0000001000000000000000100000
0000001111111111110000100000
0000000000110000011111100000
0000000000000000000000000000
0000000000000000000000000000
0000000000000000000000000000
0000000000000000000000000000
0000000000000000000000000000
