0000000000000000000000000000
0000000000000000000000000000
0000000000000000000000000000
0000000000000000000000000000
0000000000001111111111111000
0000111111111111111111111000
0000111111111111111111111000
0000111111111111000000111000
0000111000000111000000111100
0000111000000111000000111100
0000111000000111000000111100
0000111000000111000000011100
0000111000000111000000011100
0000111111111111111111111100
0000111111111111111111111100
0000111111111111111111111100
0000111000000111000000011100
0000111000000111000000011100
0000111000000111100000011100
0000111000000111100000011100
0000111011111111111111111100
0000111111111111111111111100
0000111111111111111111111100
0000111111100000000000000000
0000000000000000000000000000
0000000000000000000000000000
0000000000000000000000000000
0000000000000000000000000000
