0000000000000000000000000000
0000000000000000000000000000
0000000000000000000000000000
0000000000000000000000000000
0000000000000000000000000000
0000000000000000000000000000
0000000000000000000000000000
0000000000000000000000000000
0000000000000000000000000000
0000000111111111111100000000
0000000100000010000110000000
0000000100000010000010000000
0000000100000010000010000000
0000000010000010000010000000
0000000010001111110010000000
0000000010000010000010000000
0000000011000010000010000000
0000000001000010000010000000
0000000001000010000011000000
0000000001111111111111000000
0000000000000000000000000000
0000000000000000000000000000
0000000000000000000000000000
0000000000000000000000000000
0000000000000000000000000000
0000000000000000000000000000
0000000000000000000000000000
0000000000000000000000000000
