0000000000000000000000000000
0000000000000000000000000000
0000000000000000000000000000
0000000000000000000000000000
0000000000000000000000000000
0000000000000000000000000000
0000000111111111111111000000
0000000100000000000001000000
0000000100000001000001000000
0000000100000001000001000000
0000000100011111111001000000
0000000100000001000001000000
0000000100000001000001000000
0000000100000001000001000000
0000000100000001000001000000
0000000100000000000011000000
0000000111111111111111100000
0000000000000000000000000000
0000000000000000000000000000
0000000000000000000000000000
0000000000000000000000000000
0000000000000000000000000000
0000000000000000000000000000
0000000000000000000000000000
0000000000000000000000000000
0000000000000000000000000000
0000000000000000000000000000
0000000000000000000000000000
