0000000000000000000000000000
0000000000000000000000000000
0000000000000000000000000000
0000000000000000000000000000
0000000000000000000000000000
0001000000000000000000000000
0000110000000000000000000000
0001111111111111111111110000
0000100000000000000000010000
0000100000010000000000110000
0000100000010000000000010000
0000100000010000000001100000
0000110000010000000011000000
0000100000010000000100000000
0010111011111010111110000000
0001101010110101001000000000
0000100000010000011000000000
0001000000010000011100000000
0000000000010000001000000000
0000000000010000001000000000
0111111111111111111000000000
0100000011100000000000000000
0000000000000000000000000000
0000000000000000000000000000
0000000000000000000000000000
0000000000000000000000000000
0000000000000000000000000000
0000000000000000000000000000
