0100100100101001010100101001
0101010010010101001010010100
0100010101000100100101010011
0010100100110010101010101000
1010010010001010010100101011
0101001001010101010010100100
0000100101001001111101010101
1010101000100101101110100100
0101000111111111111101010101
0100101101111110001101001010
0010010101001101010110101001
1001001100101101011110100100
0100101110011100100110010101
0101001101001101010110101010
0010011001011101001110101001
1001011010001101110110100100
0100011001111110111110101010
0010111011101111100110100101
1001011011101100101110101000
0100011010011101010110100110
0101011001001101001011010001
0010011100101101111010010100
1001011111111111111101010101
0101010111110110000100100100
0010011000001010110010101010
1001001011010101001010010010
0100101000100100101010101001
0101001010101010101001001010
