0000000000000000000000000000
0000000000000000000000000000
0000000000000000000000000000
0000000000000000000000000000
0000000000000000000000000000
0000000000000000000000000000
0000000000000000000000000000
0000000000100100101000000000
0000000000000000000000000000
0000010000000000000100000000
0000000000001000000000000000
0000010000000000000100000000
0000000000001000000000000000
0000010010101011110100000000
0000000000000000000100000000
0000001000001000000000000000
0000001000000000000100000000
0000000001011110001000000000
0000000000000000101000000000
0000000000000000000000000000
0000000000000000000000000000
0000000000000000000000000000
0000000000000000000000000000
0000000000000000000000000000
0000000000000000000000000000
0000000000000000000000000000
0000000000000000000000000000
0000000000000000000000000000
