0000000000000000000000000000
0000000000000000000000000000
0000000000000000000000000000
0000000000000000000000000000
0000000000000000111111110000
0000111111111111000000010000
0000100000000000000000010000
0000100000000100000000010000
0000100000000100000000010000
0000100000000100000000010000
0000100000000100000000010000
0000100000000100000000010000
0000100000000100000000010000
0000100000000101100000010000
0000100000111111000000010000
0000101111000100000000010000
0000100000000100000000010000
0000100000000100000000010000
0000100000000100000000110000
0000100000000100000000100000
0000100000000100000000100000
0000100000000100000000100000
0000100000001100010000100000
0000100000000000011001100000
0000100000000000001101000000
0000100000001111111111000000
0001111111111000000010000000
0000100000000000000000000000
