0000000000000000000000000000
0000000000000000000000000000
0000000000000000000000000000
0000011111111111000000000000
0000010000000001110000000000
0000010011000000011000000000
0000010001000000001000000000
0000010001100000001100000000
0000010000100000000100000000
0000010000100000000100000000
0000111111111100000100000000
0000100000100000000100000000
0000100000100000000100000000
0000100000100000000100000000
0000100000100000000100000000
0000100000100000000100000000
0000100000100000000100000000
0000100000000000000100000000
0000110100000000000101000000
0000110011111111111111000000
0000000000000000000000000000
0000000000000000000000000000
0000000000000000000000000000
0000000000000000000000000000
0000000000000000000000000000
0000000000000000000000000000
0000000000000000000000000000
0000000000000000000000000000
