0000000000000000000000000000
0000000000000000000000000000
0000000000000000000000000000
0000000000000000000000000000
0000000000000000000000000000
0000000000000000000000000000
0000000000000000000000000000
0000000000000000000000000000
0000001000000000000000000000
0000011111111111100000000000
0000010000010000010000000000
0000001000001000010000000000
0000001000001000001000000000
0000001000000100001000000000
0000000100000101111000000000
0000000100111111001000000000
0000000010000100001000000000
0000000010000100000100000000
0000000010000100000100000000
0000000010000100000100000000
0000000010000100111100000000
0000000010000101000100000000
0000000010011111000000000000
0000000010110010000000000000
0000000000110000000000000000
0000000000000000000000000000
0000000000000000000000000000
0000000000000000000000000000
