0000000000000000000000000000
0000000000000000000000000000
0000100000000000000000000000
0000111111111111111111111110
0000100000000001000000000010
0000100000000001000000000010
0000100000000001000000000010
0000100000000001100000000010
0000100000000000100000000010
0000100000000001100000000010
0000100000000001000000000010
0000100000000001000000000010
0000100000000001000000000010
0000111111111111111111100010
0000100000000001000000111111
0000100000000011000000000110
0000100000000010000000000100
0000100000000010000000000100
0000100000000010000000000100
0000100000000010000000000100
0000100000000010000000000100
0000100000000010000000000100
0000110000000010000000000100
0000110000000010000000000100
0000100111111111111111111111
0000111100000000000000000000
0000000000000000000000000000
0000000000000000000000000000
