0000000000000000000000000000
0000000000000000000000000000
0000000000000000000000000000
0000000000000111100000000000
0000000001111000110000000000
0000001011000000010000000000
0000001000000000010000000000
0000001100000000001000000000
0000000100001000001000000000
0000000100001100001000000000
0000000100001011001000000000
0000000100001011001000000000
0000000100001100001000000000
0000000101111000001000000000
0000000101111000001000000000
0000000100011000001000000000
0000000100011000001000000000
0000000100011000001000000000
0000000100001100001000000000
0000000100001010001000000000
0000000100011111111000000000
0000000100110000111000000000
0000000100000000000000000000
0000000100000000000000000000
0000000100000000000000000000
0000000000000000000000000000
0000000000000000000000000000
0000000000000000000000000000
