0000000000000000000000000000
0000000000000000000000000000
0000000000000000000000000000
0000000000000000000000000000
0000000000000000000000000000
0000000000000000000000000000
0000000000000000000000000000
0000000000000000000000000000
0001111111111111111111000000
0000000000001000000001100000
0000100000001000000000100000
0000100000001000000000100000
0000100000001000111100100000
0000100001111111000000100000
0000111110001000000000100000
0000010000001000000001000000
0000010000001100000001000000
0000010000000100000001000000
0000010000000111111111000000
0000001000001100000000000000
0000001111110000000000000000
0000000100000000000000000000
0000000100000000000000000000
0000000000000000000000000000
0000000000000000000000000000
0000000000000000000000000000
0000000000000000000000000000
0000000000000000000000000000
