0000000000000000000000000000
0000000000000000000000000000
0000000000000000000000000000
0000000000000000000000000000
0000000000000000000000000000
0000000000000000000000000000
0000111111111111111110000000
0000010000000000000010000000
0000010000000000000010000000
0000001000000000000010000000
0000001000000000100010000000
0000001000000000100010000000
0000001000000000100010000000
0000001011111111111110000000
0000001000000000100010000000
0000001100000000100010000000
0000000100000000100010000000
0000001100000000100101000000
0000000100000000100011000000
0000000011111111111100000000
0000000000000000000000000000
0000000000000000000000000000
0000000000000000000000000000
0000000000000000000000000000
0000000000000000000000000000
0000000000000000000000000000
0000000000000000000000000000
0000000000000000000000000000
