0000000000000000000000000000
0000000000000000000000000000
0000000000000000000000000000
0000000000000000000000000000
0000000000000000000000000000
0000000100000000000000000000
0000000111111111111111000000
0000000100000000000001000000
0000000010000001000001000000
0000000010000001000001000000
0000000010000001000001100000
0000000010000001000000100000
0000000010000001000000100000
0000000010000001000000100000
0000000010000001111111100000
0000000010111111100000100000
0000000010000001000000100000
0000000010000001000000100000
0000000010000001000000100000
0000000011000001000000110000
0000000011000001001111111000
0000000011111111111000000000
0000000000000000000000000000
0000000000000000000000000000
0000000000000000000000000000
0000000000000000000000000000
0000000000000000000000000000
0000000000000000000000000000
