0000000000000000000000000000
0000000000000000000000000000
0000000000000000000000000000
0000000000000000000000000000
0000000000000000000000000000
0000000000000000000000000000
0000000000000000000000000000
0000011111000000000000000000
0000010000111111111111000000
0000010000000000000001000000
0000010000010000000001000000
0000001000010000000001000000
0000001000010000000011000000
0000001000010000000010000000
0000001000010000000100000000
0000001111111111001100000000
0000000100010000011000000000
0000000110011000010000000000
0000000010001000010000000000
0000000010001000010000000000
0000000000001100010000000000
0000000000000000010000000000
0000000001111111110000000000
0000000000000000100000000000
0000000000000000100000000000
0000000000000000000000000000
0000000000000000000000000000
0000000000000000000000000000
