0000000000000000000000000000
0011111111111110001110000000
0111111111111111111111000000
0111111111111111111111000000
1111000000000011111111110000
1111000000000001111111110000
1110000000000000011101111000
1110000000000000011100111000
1110000000000000011100111000
1110000000000000111100111000
1110000000000000111000111000
1110000000000000111000111000
1110000000000000111000111000
1110100000000000111000111000
1111111000000001111110111000
1111111111111001111111111000
1110111111111111111111111000
1110001111111111111111111100
1111000000001111111111111110
0111000000000111111111111110
0111000000000000111000011000
0111000000000000111000000000
0011000000000000111000001111
0001111111111111111111111111
0011111111111111111111111111
0011111111111111111111111100
0001100000000000000000000000
0000000000000000000000000000
