0000000000000000000000000000
0000000000000000000000000000
0000000000000000000000000000
0000000000000000000000000000
0000000000000000000000000000
0000000000000000000000000000
0000000011100000000000000000
0000000010111111111110000000
0000000010000000000001000000
0000000010000010000001000000
0000000010000010000001000000
0000000010000010000001000000
0000000010011111111101000000
0000000010000011000001000000
0000000010000001000001000000
0000000010000001000001000000
0000000010000001000001000000
0000000110000000000001000000
0000000111111111111110000000
0000000000000000000000000000
0000000000000000000000000000
0000000000000000000000000000
0000000000000000000000000000
0000000000000000000000000000
0000000000000000000000000000
0000000000000000000000000000
0000000000000000000000000000
0000000000000000000000000000
