0000000000000000000000000000
0000000000000000000000000000
0000000000000000000000000000
0000000000000000000000000000
0000011111111111111000000000
0000100000000000000111000000
0000100000000100000000100000
0000100000000100000000100000
0000100000000100000000100000
0000100000000100000000100000
0000100000000100000000100000
0000100000001100000000100000
0000100000001000000000100000
0000101111111111111000100000
0000100000001000000000100000
0000100000001000000000100000
0000100000001000000000100000
0000100000001000000000100000
0000010000001000000000100000
0000010000000000000000100000
0000001111111111111110100000
0000000000000000000000000000
0000000000000000000000000000
0000000000000000000000000000
0000000000000000000000000000
0000000000000000000000000000
0000000000000000000000000000
0000000000000000000000000000
