0000000000000000000000000000
0000000000000000000000000000
0000000000000000000000000000
0000000000000000000000000000
0001111111111111111000000000
0001000000100000001000000000
0001000000100000001000000000
0001000000100000001000000000
0001000000100000001000000000
0001000000100000001000000000
0001000000100000001000000000
0001000000100000001000000000
0001000000100000001000000000
0001111111111111111000000000
0001000000100000001000000000
0001000000100000001000000000
0001000000100000001000000000
0001000000100000001000000000
0001000000100000001000000000
0001000000100000001000000000
0001111111111111111000000000
0000000000000000000000000000
0000000000000000000000000000
0000000000000000000000000000
0000000000000000000000000000
0000000000000000000000000000
0000000000000000000000000000
0000000000000000000000000000
