0000000000000000000000000000
0000000000000000000000000000
0000000000000000000000000000
0000000000000000000000000000
0000000000000000000000000000
0000000100000000000000000000
0000000101111111111111111000
0000000100000000110000000100
0000000100000000100000000100
0000000100000000100000000100
0000000100000000100000000100
0000000100000000100000000100
0000000100000000100000000100
0000000100000000100000000100
0000000100000000100000000100
0000000100000000100000000100
0000000111111111111111111100
0000000100000000100000000100
0000000100000000100000000100
0000000100000000100000000100
0000000100000000100000000100
0000000100000000100000000100
0000000100000000100000000100
0000000100000000100000000100
0000000100000000100000000100
0000000111111111111111111100
0000000000000000000000000100
0000000000000000000000000000
