0000000000000000000000000000
0000111111111111100000000000
0001111111111111111111000000
0011111111111111111111100000
0011100000000000111111110000
0011100000000100000011110000
0011100000001110000001110000
0011100000001110000001110000
0011100000001110000001110000
0011100000001110000001110000
0011100000001110000001110000
0011100000001110001111110000
0011100000001111111111110000
0011100011111111111111110000
0011111111111111111101110000
0011111111111110000001110000
0011111110001110000011110000
0011100000001110000011110000
0011100000001110000011100000
0011100000011110000011100000
0011100000011110000111100000
0011111111111111111111100000
0011111111111111111111110000
0011111111111111111111110000
0001100000000000000000000000
0000000000000000000000000000
0000000000000000000000000000
0000000000000000000000000000
