0000000000000000000000000000
0000000000000000000000000000
0000000000000000000000000000
0000000000000000000000000000
0000000000000000000000000000
0000000000000000000000000000
0001111111111111110000000000
0001000000000000010000000000
0001000000000000010000000000
0001000000000000010000000000
0001000000010000010000000000
0001000000010000010000000000
0001000000010000010000000000
0001011111111111010000000000
0001000000010000010000000000
0001000000010000010000000000
0001000000010000010000000000
0001000000010000010000000000
0000000000010000010000000000
0000011111111111111111100000
0000000000000000000000000000
0000000000000000000000000000
0000000000000000000000000000
0000000000000000000000000000
0000000000000000000000000000
0000000000000000000000000000
0000000000000000000000000000
0000000000000000000000000000
