0000000000000000000000000000
0000000000000000000000000000
0000000000000000000000000000
0000000010000000000000000000
0000000011111111111000000000
0000000100000010000100000000
0000000100000010000100000000
0000000100000010000100000000
0000000100000100000100000000
0000000100000010000100000000
0000000100000010000010000000
0000000100000010000100000000
0000000101010110000110000000
0000000110101111111110000000
0000000100000010000000000000
0000000100000010000110000000
0000000100000010000100000000
0000000100000010000100000000
0000000100000010000100000000
0000000100000010000100000000
0000000000000010000100000000
0000000011111111111110000000
0000000000000010000000000000
0000000000000010000000000000
0000000000000000000000000000
0000000000000000000000000000
0000000000000000000000000000
0000000000000000000000000000
