0000000000000000000000000000
0111111111111111111111111000
1111111111111111111111111100
1111111111111111111111111100
1110000000011100000000111100
1110000000011100000000111000
1110000000011100000001111000
1111000000011100000001111000
0111000000011100000001110000
0111000000011111111111110000
0111000001111111111111110000
0111111111111111111111110000
0111111111111111000011100000
0111111111111100000011100000
0111100000011100000111100000
0111000000011100000111100000
0111000000111100000111000000
0111000000111100000111000000
0111000000111000001111000000
0111100000111000001111000000
0011100000111000001111100000
0011100000111111111111110000
0011111111111111111111110000
0111111111111111111111000000
0011111111100000000000000000
0011100000000000000000000000
0000000000000000000000000000
0000000000000000000000000000
