0000000000000000000000000000
0000000000000000000000000000
0000000000000000000000000000
0000000000000000000000000000
0000011111111111111111100000
0000010000000100000000100000
0000010000000100000000100000
0000010000000100000000100000
0000010000000100000000100000
0000010000000100000000100000
0000010000000100000000100000
0000011111111111111111100000
0000010000000100000000100000
0000010000000100000000100000
0000010000000100000000100000
0000010000000110000000100000
0000010000000010000000100000
0000010000000010000000100000
0000010000000010000000100000
0000010000000000000001100000
0000011111111111111111000000
0000000000000000000000000000
0000000000000000000000000000
0000000000000000000000000000
0000000000000000000000000000
0000000000000000000000000000
0000000000000000000000000000
0000000000000000000000000000
