0000000000000000000000000000
0000000000000000000000000000
0000000000000000000000000000
0001111111111111000000000000
0001000000000001110000000000
0001000000000000001111100000
0001000000001000000000100000
0001000000001000000000100000
0001000000001000000000100000
0001000000001000000000100000
0001000000001000000000100000
0001000000001000000000100000
0001011111111111111111110000
0001000000001000000000100000
0001000000010000000000100000
0001000000010000000000100000
0001000000010000000000100000
0001000000010000000000100000
0001000000010000000000000000
0001011000000000000000000000
0000001111111100000000000000
0000000000000011111111111000
0000000000000000000000000000
0000000000000000000000000000
0000000000000000000000000000
0000000000000000000000000000
0000000000000000000000000000
0000000000000000000000000000
