0000000000000000000000000000
0000000000000000000000000000
0000000000000000000000000000
0000000000000000000000000000
0000000000000000000000000000
0000000000000000000000000000
0000000000111111110000000000
0000000011000000001111000000
0000010000000001000001000000
0000010000000001000001000000
0000010000000001000000100000
0000001000000001000000100000
0000001000000001000000100000
0000001000000001001100100000
0000001001111111111000100000
0000001001000001000000100000
0000001000000001000000100000
0000001000000001000000100000
0000001000000001000000100000
0000001100000001000000100000
0000001000000000000000111000
0000000000000000001111110000
0000000001111111110000000000
0000000000000000000000000000
0000000000000000000000000000
0000000000000000000000000000
0000000000000000000000000000
0000000000000000000000000000
