0000000000000000000000000000
0000000000000000000000000000
0000000000000000000000000000
0000000000000000000000000000
0000000000000000000000000000
0011000000011111111100000000
0111101111111111111110000000
0111111111111111111110000000
0111111111111110001111000000
0011111100001111001111000000
0011110000001111000111000000
0011110000001111001111000000
0001110000011111111111000000
0001110111111111111111000000
0001111111111111111111000000
0001111111111110000111000000
0000111110001111001111000000
0000111000000111001111000000
0000111000000111001110000000
0000111000001111111110000000
0000111011111111111110000000
0000011111111111111110000000
0000000011111000000000000000
0000000000000000000000000000
0000000000000000000000000000
0000000000000000000000000000
0000000000000000000000000000
0000000000000000000000000000
