0000000000000000000000000000
0000000000000000000000000000
0000000000000000000000000000
0000000000000000000000000000
0000000000000000000000000000
0000000000000000000000000000
0000000000000000000000000000
0000000000000001111111000000
0000000000111110000001000000
0000000011100010000001000000
0000000100000010000001000000
0000000100000010000011000000
0000000100000011111101000000
0000000100111110000001000000
0000000101000010000001000000
0000000100000010000001000000
0000000100000010000001000000
0000000000000111111111000000
0000000111111000001101000000
0000000000000000000111000000
0000000000000000000000000000
0000000000000000000000000000
0000000000000000000000000000
0000000000000000000000000000
0000000000000000000000000000
0000000000000000000000000000
0000000000000000000000000000
0000000000000000000000000000
