0000000000000000000000000000
0000000000000000000000000000
0000000000000000000000000000
0000000000000000000000000000
0000001111111111100000000000
0000011000000000110000000000
0000110000000000110000000000
0001100010000000110000000000
0011000010000000010000000000
0010000010000000010000000000
0110000010000000010000000000
0100000010000000010000000000
0100000010000000010000000000
0101111111111111110000000000
0100000010000000110000000000
0100000010000000100000000000
0100000010000000100000000000
0110000010000001100000000000
0010000010000001000000000000
0011000010000001000000000000
0001100010000011000000000000
0000111010000110000000000000
0000001111111100000000000000
0000000000000000000000000000
0000000000000000000000000000
0000000000000000000000000000
0000000000000000000000000000
0000000000000000000000000000
