0000000000000000000000000000
0000000000000000000000000000
0000000000000000000000000000
0000000000000000000000000000
0000000000000000000000000000
0000000000000000000000000000
0000000000000000000000000000
0000000000111111110000000000
0000000001111111110000000000
0000000011111111110000000000
0000000001000000010000000000
0000000001000000110000000000
0000000011000110010000000000
0000000001000110010000000000
0000000011000110110000000000
0000000001000110010000000000
0000000001011110110000000000
0000000011011110010000000000
0000000001011110110000000000
0000000011000110010000000000
0000000001000110110000000000
0000000001000110010000000000
0000000011000110010000000000
0000000001111111111100000000
0000000011111111111000000000
0000000000111111111000000000
0000000000000000110000000000
0000000000000000000000000000
