0000000000000000000000000000
0000000000000000000000000000
0000000000000000000000000000
0000000000000000000000000000
0000000000000000000000000000
0001111111111111111111000000
0001111111111111111111100000
0001110111111111111111100000
0001110000001110000011100000
0001110000001110000011100000
0001110000001110000011100000
0001110000001110000011100000
0001110000001110000011100000
0001110011111111111111100000
0001111111111111111111100000
0001111111111111111111100000
0001111111001110000011100000
0001110000001110000011100000
0001110000001110000011100000
0001110000001110000011100000
0001111111111110000011100000
0011111111111111111111100000
0011111111111111111111000000
0001100000000111111111000000
0000000000000000000000000000
0000000000000000000000000000
0000000000000000000000000000
0000000000000000000000000000
