0000000000000000000000000000
0000000000000000000000000000
0000000000000000000000000000
0000000000000000000000000000
0000000000000000000000000000
0000000000000000000000000000
0000011111111000000000000000
0000010000000111111111100000
0000010000000100000000100000
0000010000000100000000100000
0000010000000100000000100000
0000010000000100000000100000
0000010000000100000000100000
0000010000000100000000010000
0000010000000111111111110000
0000010111111110000000010000
0000010000000100000000010000
0000010000000100000000010000
0000010000000100000000010000
0000010000000100001111110000
0000011111111111111001010000
0000000000000100000000110000
0000000000000000000000000000
0000000000000000000000000000
0000000000000000000000000000
0000000000000000000000000000
0000000000000000000000000000
0000000000000000000000000000
