0000000001110000000000001000
0000000010001000000000000100
0000000100001000000000000100
0000111000001000000000000010
0001110000001000000000000010
0001010000001000000000000001
0000010000001000000000000001
0000010000001000000000000000
0000100000001000000000011100
0000100000001000000111100000
0000100000001001111000000000
0000111111111110000000000000
0000100000001000000000000000
0000100000001000000000000000
0001000000001000000000000000
0001000000001000000000000000
0001000000001000000000000000
0001000000001000000000000000
0001000000001000000000000000
0001000000001000000000000000
0001000000001000000000000000
0001000000001000000000001111
0001000000001000000001110000
0001000000000100011110000000
0001100000001111100000000000
0000111111110000000000000000
0000000000000000000000000000
0000000000000000000000000000
