0000000000000000000000000000
0000000000000000000000000000
0000000000000000000000000000
0000000000000000001111111000
0000111111111111110000001000
0001000000000000000000001000
0001000000000000000000001000
0001000000000100000000001000
0001000000000100000000001000
0001000000000100000000001000
0001000000000100000000001000
0001000000000100000000001000
0001000000000110011111001000
0001000011111111100000001000
0001000000000010000000001000
0001100000000010000000001000
0000100000000010000000001000
0000100000000010000000001000
0000100000000011000000001000
0000100000000001000100001000
0000100000000000000100011000
0000100000000000000010010000
0000111111111111111111010000
0000100000000000000001110000
0000000000000000000000100000
0000000000000000000000000000
0000000000000000000000000000
0000000000000000000000000000
