0000000000000000000000000000
0000000000000000000000000000
0000000000000100000000000000
0000000000100000100000000000
0000000100000000000000000000
0000000000000000000000000000
0000000000000000000000000000
0000000000000000010000000000
0010000000000100000000000000
0000000000010000000000000000
0000000000100000000000000000
0000000000000000010000000000
0001000010000000000000000000
0000000000000000000000000000
0000000000000000000000000000
0000000000100000000000000000
0000000000000001000000000000
0000000000010100000000000000
0000001010100000000000000000
0000000000000000000000000000
0000000000000000000000000000
0000000000000000000000000000
0000000000000000000000000000
0000000000000000000000000000
0000000000000000000000000000
0000000000000000000000000000
0000000000000000000000000000
0000000000000000000000000000
