0100100100100100100100100100
0010010010010010010010010010
1010101010101010101010101010
0100100100100100100100100100
0010010010010010010010010010
1001010101010101010101001010
0101001001001001001000101001
0100100101010101101010100100
0010101011111010110010010010
1010010100001010101010101010
0101010011010101011001000100
0010011100101010010100101010
1001010101001101011010010001
0100101010101001001010101010
0101001100101110101001000100
0100100101110101011100101010
0010101101010110100101010001
1010010101001010011010001010
0101000110101010101001010100
0001010100100101001101001010
1010010110010100101010100001
0101001011111011011010010100
0010100101001010100101010101
1000101001010001010010001001
0101001010010100001001010100
0100100101001010101010010010
0101010001010010100101001001
0100101010001001010001010100
