0000000000000000000000000000
0000000000000000000000000000
0000000000000000000000000000
0000000000000000000000000000
0000000000000000000000010000
0000111111111111111111111000
0001111111111111111111111000
0001111111111111111111111000
0001110000001111000000111000
0001110000001110000000111000
0001110000001110000000111000
0001110000001110000000111000
0001110000001110000000111000
0001111111111111111111111000
0001111111111111111111111000
0001111111111111111111111000
0001110000001110000000111000
0001110000001110000000111000
0001110000001110000000111000
0001110000001110000000111000
0001110000001110000000111000
0001111111111111111111111000
0001111111111111111111111000
0000111111111111111111111100
0000000000000110000000111100
0000000000000000000000000000
0000000000000000000000000000
0000000000000000000000000000
