0000000000000000000000000000
0000000000000000000000000000
0000000000000000000000000000
0000000000000000000000000000
0000000110000000000000000000
0000001111111000000000000000
0000001111111111111111000000
0000001111111111111111110000
0000001110001111111111110000
0000001110001110000001110000
0000001110001110000001110000
0000001110001110000001110000
0000001110001110000001110000
0000001111111111111111110000
0000001111111111111111110000
0000001111111111111111110000
0000001110000111100001110000
0000001110000011100001110000
0000001110000011110001110000
0000000110000001110001110000
0000000000000001111000110000
0000000000000000111000000000
0000000000000000111100000000
0000011111110000011100000000
0000111111111100011100000000
0000011111111111011100000000
0000000000011111111111100000
0000000000000111111111110000
