0000000000000000000000000000
0000000000000000000000000000
0000000000000000000000000000
0000000000000001111111000000
0000000000011111111111110000
0000000001111111111111110000
0000011111111111000001111000
0000111111110111000000111000
0000111111000111100000111000
0000011100000011100001111000
0000011100000011100111111000
0000011100000011111111111000
0000011100000011111111111000
0000011100001111111100111000
0000011100111111100000111000
0000011101111111100000111000
0000011101111111100000111000
0000011111100011100000111000
0000001110000011100000111000
0000001110000011100000111000
0000001110000011100000111000
0000001110000011000000011000
0000000110000011111111110000
0000000001111111111111111000
0000000011111111111111111000
0000000011111110000000011000
0000000001100000000000000000
0000000000000000000000000000
