0001111100001000000000000000
0011111111111100000000000000
0011111111111100000000000000
0111001111111100000000000000
0111001110011100000000000000
0111101110011100000000000000
0011111111011100000000000000
0011111111111100000000000000
0011111111111100000000000000
0011101110011100000000000000
0011101110011100000000000000
0011101111011100000000000000
0001111111111100000000000000
0001111111111100000000000000
0001111111111000000000000000
0000000000000000000000000000
0000000000000000000000000000
0000000000000000000000000000
0000000000000000000000000000
0000000000000000000000000000
0000000000000000000000000000
0000000000000000000000000000
0000000000000000000000000000
0000000000000000000000000000
0000000000000000000000000000
0000000000000000000000000000
0000000000000000000000000000
0000000000000000000000000000
