0000000000000000000000000000
0000000000000000000000000000
0000000000000000000000000000
0000000000000000000000000000
0000111111111111111100000000
0000100001000000000100000000
0001100001000000000100000000
0001000001000000000100000000
0001000011000000000100000000
0001000010000000000100000000
0001111111111111110100000000
0001000010000000000100000000
0001000010000000000100000000
0001000010000000000100000000
0010000010000000000100000000
0010000010000000000100000000
0010000010000000000100000000
0010000010000000000100000000
0010000010000000110100000000
0010001111111111100100000000
0011110000000000000100000000
0000000000000000000100000000
0000000000000000000000000000
0000000000000000000000000000
0000000000000000000000000000
0000000000000000000000000000
0000000000000000000000000000
0000000000000000000000000000
