0000000000000000000000000000
0000000000000000000000000000
0000000000000000000000000000
0000000000000011100000000000
0000000111111100110000000000
0000011000011000001110000000
0000110000001000000010000000
0000100000001000000010000000
0000100000001000000010000000
0000100000001000000010000000
0000100001111111111110000000
0000101110001000000010000000
0000110000001000000010000000
0000100000001000000010000000
0000100000001000000010000000
0000100000001000000010000000
0000100000001000000010000000
0000100000001000000010000000
0000100000111100000110000000
0000110011100111111110000000
0000011100000000000000000000
0000000000000000000000000000
0000000000000000000000000000
0000000000000000000000000000
0000000000000000000000000000
0000000000000000000000000000
0000000000000000000000000000
0000000000000000000000000000
