0100100100100100100100100100
0010010010010010010010010010
1010101001001001001001001001
0100000100111010100101010100
0010101111101111010100100101
1001010111111111001101010010
0100010100010000111100101001
0010101101010101010101000100
1001001010110100001101010101
0100101000110010101101001000
0010011010110100101100100101
1001011001010010101101010100
0100011010111111101101001010
0010101111111110001100100001
1001010111010001010110101100
0100011000110100101100100010
0010101010110010010101010101
1001010001010101001101001000
0100011010110100101100100101
0010111000101010101101010010
1001001111111111100010010100
0100111110110110101001001001
0010000001001001010101010010
1001010100100100100100101001
0101001010101010010010000100
0100100100010001001001010101
0010010010100100100101010000
1001001001010010010100001010
