0000000000000000000000000000
0000000000000000000000000000
0000000000000000000000000000
0000000000000000000000000000
0000000000000000000000000000
0000000000000000000000000000
0000001010111111111111000000
0000001101000010000000100000
0000010000000100000000100000
0000001000000010000000100000
0000001000000100000000100000
0000001000000010000000100000
0000001000000010000001000000
0000001000000010000001000000
0000001000001011111111000000
0000001111111110000001000000
0000001000000010000001000000
0000001000000010000001000000
0000001000000010000001000000
0000001000000010000001000000
0000001000000010000010000000
0000001000000001000001000000
0000000111111011000010000000
0000000000000101111010000000
0000000000000000000111000000
0000000000000000000000000000
0000000000000000000000000000
0000000000000000000000000000
