0000000000000000000000000000
0000000000000000000000000000
0000000000000000000000000000
0000000000000000000000000000
0000000000000000000000000000
0000000000000000000000000000
0000000000000000000000000000
0000000000000000000000000000
0000000111111111111110000000
0000111100000000000010000000
0000100000000000000010000000
0000100000000100000010000000
0000110000000100000010000000
0000010000000100000010000000
0000010000000100000010000000
0000010001111111111110000000
0000010000000100000010000000
0000010000000110000100000000
0000010000000000000100000000
0000010111111111111100000000
0000000000000000000000000000
0000000000000000000000000000
0000000000000000000000000000
0000000000000000000000000000
0000000000000000000000000000
0000000000000000000000000000
0000000000000000000000000000
0000000000000000000000000000
