0000000000000000000000000000
0000000000000000000000000000
0000000000000000000000000000
0000000000000000000000000000
0000001111111111100000000000
0000111000100000100000000000
0000010000100000100000000000
0000010000100000100000000000
0000010000100000100000000000
0000010000100000100000000000
0000010000100000100000000000
0000011111111110100000000000
0000010000100000100000000000
0000010000100000100000000000
0000010000100000100000000000
0000010000100001110000000000
0000011111111110100000000000
0000011000000000100000000000
0000000000000000000000000000
0000000000000000000000000000
0000000000000000000000000000
0000000000000000000000000000
0000000000000000000000000000
0000000000000000000000000000
0000000000000000000000000000
0000000000000000000000000000
0000000000000000000000000000
0000000000000000000000000000
