0000000000000000000000000000
0000000000000000000000000000
0000000000000000000000000000
0000001000000000000000000000
0000001111111111111111000000
0000001000000000000001100000
0000001000000000000000100000
0000001000000001000000100000
0000001000000001000000100000
0000001000000001000000100000
0000001000000001000000100000
0000001011000000100000100000
0000001000111111111111010000
0000001000000000100000010000
0000001000000000100000010000
0000001000000000100000001000
0000001000000000100000001000
0000001000000000000000001000
0000000100000000000000011000
0000000110000000000011111100
0000000011111111111100001100
0000000000000000000000001100
0000000000000000000000000000
0000000000000000000000000000
0000000000000000000000000000
0000000000000000000000000000
0000000000000000000000000000
0000000000000000000000000000
