0000000000000000000000000000
0000000000000000000000000000
0000000000000000000000000000
0000000001111111111000000000
0000000011111111111110000000
0000000001111111111111100000
0000000110000010001111100000
0000001110000111000011100000
0000001110000111000011100000
0000001110000111000011100000
0000001110000111000011100000
0000001110000111000011100000
0000001110000111000011100000
0000001111111111100011100000
0000001111111111111011100000
0000001111111111111111100000
0000001111000111111111100000
0000001110000111000011100000
0000001110000111000011100000
0000001110000111000011100000
0000001110000111000011100000
0000001110001111000011100000
0000001110001110000011100000
0000001111111111111111100000
0000001111111111111111100000
0000000111111111111111100000
0000000000000000000001100000
0000000000000000000000000000
