0000000000000000000000000000
0000000000100000000000000000
0000000000100000000000000000
0000000000100000000000000000
0000000000100000000000000000
0000000000100000000000000000
0000000000100000000000000000
0000000000100000000000000000
0000000000100000000000000000
0010100000100000000110000000
0010111111111111111111100000
0001000000100000000010000000
0001000000100000000010000000
0001000000100000000010000000
0001000000100000000010000000
0001000110100001100010000000
0001000001111111000010000000
0001000000100000000010000000
0000100000100000000010000000
0000100000100000000010000000
0000100000100000000010000000
0000000000100000000010000000
0000000000100000000100000000
0000000111111111111111100000
0000000000000000000000000000
0000000000000000000000000000
0000000000000000000000000000
0000000000000000000000000000
