0000000000000000000000000000
0000000000000000000000000000
0000000000000010000000000000
0000000000000010000000000000
0000000000000100000000000000
0000000000000100000000000000
0000000000000100000000000000
0000000000000100000000000000
0000000000000100000000000000
0000000000000100000000000000
0000000000011111111110000000
0000111111110100000010000000
0000100000000100000010000000
0000100000000100000010000000
0000100000000100000010000000
0000100000000010000010000000
0000100000000010000010000000
0000100000000010000010000000
0000100000000010000010000000
0000111111111111111010000000
0000100000000010001110000000
0000100000000011000010000000
0000100000000001000010000000
0000100000000001000010000000
0000100000000001000010000000
0000100000000001000010000000
0000000000000001000100000000
0000111111111111111100000000
