0000000000000000000000000000
0000000000000000000000000000
0000000000000000000000000000
0000000000000000000000000000
0000000000000000000000000000
0000000000000000000000000000
0000000000000100000000000000
0000000000000100000000000000
0000000000000100000000000000
0000000000000010000000000000
0000000000000010000000000000
0000000000000010000000000000
0000000000000010000000000000
0000010001111111111110000000
0000010110000001000001000000
0000010100000001000001000000
0000010100000001000001000000
0000011000000001000001000000
0000001000000001000001000000
0000001000111111111111000000
0000001001100001000001000000
0000001000000001000010000000
0000001000000001000110000000
0000001000000001000000000000
0000001100000001111111100000
0000001101111110000000000000
0000000000000000000000000000
0000000000000000000000000000
