0000000000000000000000000000
0000000000000000000000000000
0000000000000000000000000000
0000000000000000000000000000
0000000000000000000000000000
0000000000000000000000000000
0000000000000000000000000000
0000000000000100000000000000
0000000000000000000000000000
0000000000000100000000000000
0000000000000100000000000000
0000000000000100000000000000
0000000000000100000000000000
0000000000010101100000000000
0000000010000100001100000000
0000000100000100000000000000
0000000000000100000100000000
0000000100000100000100000000
0000000010110111110100000000
0000000010000000000100000000
0000000010000010000000000000
0000000010000000000100000000
0000000010101111111000000000
0000000000000000000000000000
0000000000000000000000000000
0000000000000000000000000000
0000000000000000000000000000
0000000000000000000000000000
