0000000000000000000000000000
0000000000000000000000000000
0000000000000000000000000000
0000000000000000000000000000
0000000000001000000000000000
0000000000001000000000000000
0000000000001000000000000000
0000000000001000000000000000
0000000000001000000000000000
0000000000001000000000000000
0000001111111110000000000000
0000001000001011110000000000
0000001000001000010000000000
0000001000001000010000000000
0000001000001000010000000000
0000001000001000010000000000
0000001000001000010000000000
0000001000001000010000000000
0000001111111000010000000000
0000001000011110010000000000
0000001000001011010000000000
0000001000001000010000000000
0000001000001000010000000000
0000001111111000010000000000
0000001000011111110000000000
0000001000000000000000000000
0000001000000000000000000000
0000001000000000000000000000
