0000000000000000000000000000
0000000000000100000000000000
0000000000000100000000000000
0000000000000100000000000000
0000000000000100000000000000
0000000000000100000000000000
0000000000000100000000000000
0000000000000100000000000000
0000001111111111111110000000
0000010000000100000010000000
0000010000000100000010000000
0000011000000100000010000000
0000001000000100000010000000
0000001000000100000010000000
0000001000000100010010000000
0000001001111111110010000000
0000001000000100000010000000
0000001000000100000010000000
0000001000000100000010000000
0000001000001100000010000000
0000001000001000000010000000
0000001000001000010010000000
0000001110000001001110000000
0000000011111111000110000000
0000000000000000000110000000
0000000000000000000000000000
0000000000000000000000000000
0000000000000000000000000000
