0000000000000000000000000000
0000000000000000000000000000
0000000000000000000000000000
0000000000000000000000000000
0000000000000000000000000000
0000000000000000000000000000
0000000000000000000000000000
0000000000000011000000000000
0000000000000010000000000000
0000000000000010000000000000
0000000000000010000000000000
0000011100000010000000000000
0000010000000010000000000000
0000011010101011010000000000
0000001101010111011100000000
0000010000000010000110000000
0000011000000010000100000000
0000010000000110011100000000
0000010000000100010110000000
0000010000000100010000000000
0000011000000100110000000000
0000001111111111111111111100
0000011000000100100000000000
0000010000001000100000000000
0000010000001000100110000000
0000011111111111110100000000
0000010000011000101000000000
0000010000010000101000000000
