0000000000111100000000000000
0000000000011110000000000000
0000000000011110000000000000
0000000000011111000000000000
0000000000111111111000000000
0000000011111111111111000000
0000001111111111111111100000
0000111111111111111111111000
0001111111111111111111111100
0111111111111111111011011100
0111111111111111110000001111
0111111111110111110000000111
1111111111100011110001000111
0111111110000011111111110111
1111111110111111111111110011
0111111110111111111111111111
0011111111111111111111111111
0011111111111111111111111111
0011111111111111111111101101
0001111111111111111100000111
0000111011011011111110011111
0000011100000000111110011111
0000001110000000111111111111
0000000111000000011111111111
0000000011111110101111111111
0000000001111111111111111111
0000000000111111111111111111
0000000000011111111111111111
