0000000000000000000000000000
0000000000000000000000000000
0000000000000000000000000000
0000000000000000000000000000
0000000000000000000000000000
0000000000000100000000000000
0000000000000100000000000000
0000000000000100000000000000
0000000000001101000000000000
0000000001110110111000000000
0000000100000100001000000000
0000000100000100001000000000
0000000100000100000100000000
0000000100000100001000000000
0000000100000100001000000000
0000000010001100001000000000
0000000010000100000100000000
0000000010011111001000000000
0000000010001000001000000000
0000000010001000001000000000
0000000010001000001000000000
0000000010001000001000000000
0000000010001000001000000000
0000000000001000001000000000
0000000001101111111000000000
0000000000000000001000000000
0000000000000000000000000000
0000000000000000000000000000
