0000000000000010000000000000
0000000000000010000000000000
0000000000000010000000000000
0000000000000010000000000000
0000000000000010000000000000
0000000000000010000000000000
0000000000000010000000000000
0000000111111111111111100000
0000011100000110000000100000
0000010000000100000000100000
0000010000000100000000100000
0000010000000100000001000000
0000010000000100000001000000
0000010000000100000001000000
0000010000000100000001000000
0000011111111111111111000000
0000010000000100000001000000
0000010000000100000001000000
0000010000000100000001000000
0000010000000100000001000000
0000010000000100000001000000
0000010000000100000001000000
0000011000000000000011000000
0000000111111111111110000000
0000000000000000000000000000
0000000000000000000000000000
0000000000000000000000000000
0000000000000000000000000000
