0000000000000000000000000000
0000000000000000000000000000
0000000000000000000000000000
0000000000000000000000000000
0000000000000000000000000000
0000000000000000000000000000
0000000000000000000000000000
0000000000011100000000000000
0000000000011110000000000000
0000000000011111000000000000
0000000000011111000000000000
0000000000001111000000000000
0000000000000111100001111000
0000000111111111111111111000
0001111111111111111111111000
0001111111111111111111111000
0001111111000011110000111000
0001111100000011110000111000
0001111100000001110000111000
0000111111111111111110111000
0000011111111111111110111000
0000011111111111111110111000
0000011110000011110011111000
0000011110000011110111111000
0000001110111111111111111000
0000001111111111111111111110
0000001111111111111111111110
0000001111000000001111111110
