0000000000000000000000000000
0000000000000000000000000000
0000000000000000000000000000
0000000000000000000000000000
0000000000010000000000000000
0000000000111000000000000000
0000000000111000000000000000
0000000000111000000000000000
0000000000111000000000000000
0000000000111000000000000000
0000111100111000000000000000
0001111111111111111000000000
0001111111111111111100000000
0001110111111111111100000000
0001110000111000011100000000
0001110000111000011100000000
0001110000111000011100000000
0001111111111111111100000000
0001111111111111111100000000
0001111111111111111100000000
0001110001110000011100000000
0001110001110000011100000000
0001111111111111111100000000
0001111111111111111100000000
0001111111111111111000000000
0000000000000000111000000000
0000000000000000000000000000
0000000000000000000000000000
