0000000000000000000000000000
0000000000000000000000000000
0000000000000000000000000000
0000000000000000000000000000
0000000000000100000000000000
0000000000000110000000000000
0000000000000010000000000000
0000000000000010000000000000
0000000000000010000000000000
0000000000000010000000000000
0000000000000010000000000000
0000000000111111111100000000
0000011111000010000100000000
0000001000000010000100000000
0000001000000010000100000000
0000001000000010000100000000
0000001000000010000100000000
0000001000000010000100000000
0000001100000010000100000000
0000000111111111111100000000
0000000100000010000100000000
0000000100000010000100000000
0000000100000010000100000000
0000000100000010000100000000
0000000111111111111100000000
0000000000000000000000000000
0000000000000000000000000000
0000000000000000000000000000
