0000000000000010000000000000
0000000000000010000000000000
0000000000000010000000000000
0000000000000010000000000000
0000000000000001000000000000
0000000000000001000000000000
0000000000000001000000000000
0000000000000001000000000000
0000000000000000100000000000
0000000000000000100000000000
0000000000000000100000000000
0000000000111111111111111000
0000111111000000010000001000
0000100000000000010000001000
0000100000000000010000001000
0000100000000000010000001000
0000100000000000010000001000
0000100000000000010000001000
0000100000000011111110001000
0000100001111100010000001000
0000100001000000010000001000
0000100001000000010000001000
0000100000000000010000001000
0000100000000000010000000000
0000100000000000010001000000
0000000000000000010111000000
0000000000111111111000000000
0000000000000000000000000000
