0000000000000000000000000000
0000000000010000000000000000
0000000000111000000000000000
0000000000111000000000000000
0000000000111000000000000000
0000000000111000000000000000
0000000000111000000000000000
0111111111111111111111000000
1111111111111111111111111000
1111111111111111111111111100
1110000000111000000001111100
1110000000111000000000111100
1110000000111000000000111100
1110000000111000000000111000
1111000001111011111100111000
0111000111111111111110111000
0111001111111111111110111000
0111000111111111000000111000
0111000000111000000000111000
0111000000111000000000111000
0111000000111000000000111000
0111000000111000000010111000
0111111110111011111111111000
0111111111111111111111111000
0111111111111111111111111000
0011000011111111000000000000
0000000000000000000000000000
0000000000000000000000000000
