0000000000000000000000000000
0000000000000000000000000000
0000000000000000000000000000
0000000000000000000000000000
0000000000000000000000000000
0000000000000000000000000000
0000000000000000000000000000
0000000000000010000000000000
0000000000000000000000000000
0000000000000100000000000000
0000000000000000000000000000
0000000000000100000000000000
0000000000000100000000000000
0000000000000010000000000000
0000000000000100000000000000
0000000101010110111101000000
0000010000000010000000100000
0000000000000010000000100000
0000001000000010000000100000
0000001001011111111111000000
0000001000000010000000100000
0000001000000010000001000000
0000000000000010000001000000
0000001000101011000001000000
0000000100000000101010000000
0000000000000000000000000000
0000000000000000000000000000
0000000000000000000000000000
