0000000000000000000000000000
0000000000001000000000000000
0000000000011100000000000000
0000000000011100000000000000
0000000000011100000000000000
0000000000011100000000000000
0000000000111100000000000000
0000000000111100000000000000
0000000000111000000000000000
0000000000111000000000000000
0000000001111111111111000000
0011111111111111111111100000
0111111111111111111111100000
0111111111111000000011100000
0111100000111000000011100000
0111000000111000000011100000
0111000000111000000111100000
0111000000111000001111100000
0111011111111111111111000000
0111111111111111111111000000
1111011111111111111111000000
1111000000111000001111000000
1110000000111000001111000000
1110000000111000001110000000
1110001111111111111110000000
0111111111111111111110000000
0011111111111111111110000000
0001111100000000000000000000
