0000000000000000000000000000
0000000000000000000000000000
0000000000000000000000000000
0000000000001000000000000000
0000000000011100000000000000
0000000000011100000000000000
0000000000011100000000000000
0000000000011100000000000000
0000000000011111111000000000
0001001111111111111100000000
0011111111111111111110000000
0011111111111110001110000000
0001110000001110001110000000
0001110000001110001110000000
0001110001111111101110000000
0001111011111111111110000000
0001111111111111111110000000
0000111111100111001110000000
0000011100000111001110000000
0000011110000111101110000000
0000011110000011101110000000
0000001111111111100110000000
0000001111111111111000000000
0000000111111111111100000000
0000000000000001111100000000
0000000000000000000000000000
0000000000000000000000000000
0000000000000000000000000000
