0000000000000111000000000000
0000000000000111100000000000
0000000000000111100000000000
0000000000000011100000000000
0000000000000011100000000000
0000000000000011100000000000
0000000000000011111111110000
0000011111111111111111110000
0000011111111111111111110000
0000011111111111111101110000
0000011100000111000001110000
0000111100000111000001110000
0000111100000111000001110000
0000111100000111000001110000
0000111000000111000001110000
0000111111111111111111110000
0000111111111111111111110000
0000111111111111111111110000
0000111000000111000001110000
0000111000000111000001110000
0000111000000111000001110000
0000111000000111000001110000
0000111000000111111111110000
0000011111111111111111100000
0000011111111111111111100000
0000011111111111111011100000
0000000000000000000000000000
0000000000000000000000000000
