0000000000000000000000000000
0000000000000000000000000000
0000000000000000000000000000
0000000000000000000000000000
0000000000000000000000000000
0000000000000000000000000000
0000000000001000000000000000
0000000000001000000000000000
0000000000001000000000000000
0000001111111111110000000000
0000001000001000010000000000
0000001000001000010000000000
0000001000001000010000000000
0000001001111111110000000000
0000001000001000010000000000
0000001000001000010000000000
0000001000001000010000000000
0000001111111111110000000000
0000011100000000000000000000
0000000000000000000000000000
0000000000000000000000000000
0000000000000000000000000000
0000000000000000000000000000
0000000000000000000000000000
0000000000000000000000000000
0000000000000000000000000000
0000000000000000000000000000
0000000000000000000000000000
