0000000000000000000000000000
0000000000000000000000000000
0000000000000000000000000000
0000000000010000000000000000
0000000000011100000000000000
0000000000111100000000000000
0000000000011100000000000000
0000000000011100000000000000
0000000000011100000000000000
0000000000011101011111100000
0010010101111111111111110000
0011111111111111111111110000
0111111111111110100001110000
0011110100011100000011100000
0011100000001110000111100000
0011100000011101011111100000
0011100101111111111111100000
0011111111111111111111100000
0011111111111111000011000000
0011111010001110000011100000
0011100000011110000111000000
0011100000001100000011100000
0011100001011111011111000000
0001111111111111111111100000
0011111111111111111111000000
0001111111010101001111000000
0000000000000000000011000000
0000000000000000000000000000
