0000000000000000000000000000
0000000000000000000000000000
0000000000000000000000000000
0000000000000000000000000000
0000000000000000000000000000
0000000000000000000000000000
0000000000001000000000000000
0000000000001000000000000000
0000000000001000000000000000
0000000000001000000000000000
0000000000001000000000000000
0000000000001000000000000000
0000000000000100000000000000
0000000000000100000000000000
0000000000000100111111000000
0000100000011111000001000000
0000111111100100000001000000
0000110000000100000001000000
0000100000000100000001000000
0000100000000100001001000000
0000010000000111110001000000
0000010001111100000001000000
0000010110000100000001000000
0000001000000100000010000000
0000001000000100000010000000
0000001000000100000010000000
0000001000000100000010000000
0000000111111111111110000000
