0000000000000000000000000000
0000000000000000000000000000
0000000000000000000000000000
0000000000000000000000000000
0000000000001000000000000000
0000000000001000000000000000
0000000000001000000000000000
0000000000001000000000000000
0000000000001000000000000000
0000000000001000000000000000
0000000000111100000000000000
0000000111101111111100000000
0000000100001000000100000000
0000001100001000000100000000
0000000100001000101000000000
0000000100111111101000000000
0000000010001000001000000000
0000000010000100011000000000
0000000010000100010000000000
0000000011000000110000000000
0000000001111111100000000000
0000000000000000000000000000
0000000000000000000000000000
0000000000000000000000000000
0000000000000000000000000000
0000000000000000000000000000
0000000000000000000000000000
0000000000000000000000000000
