0000000000000000000000000000
0000000000000000000000000000
0000000000000000000000000000
0000000000001000000000000000
0000000000001000000000000000
0000000000001000000000000000
0000000000001000000000000000
0000000000001000000000000000
0000000000111100000000000000
0000111111001011100000000000
0000110000001000011000000000
0000010000001000000100000000
0000010000001000000100000000
0000010000001000000100000000
0000001000111111111100000000
0000001011000100001100000000
0000001000000100001000000000
0000001100000100010000000000
0000000100000101110000000000
0000000100000011110000000000
0000000111111100000000000000
0000001100000000000000000000
0000000000000000000000000000
0000000000000000000000000000
0000000000000000000000000000
0000000000000000000000000000
0000000000000000000000000000
0000000000000000000000000000
