0000000000111000000000000000
0000000000111000000000000000
0000000000111000000000000000
0000000000111000000000000000
0001110000111000000000000000
0011111111111111100000000000
0011111111111111111100000000
0011111111111111111110000000
0011100001111000111110000000
0011100001111000001110000000
0011100001110000001110000000
0011100001110000001110000000
0011100001110000001110000000
0011100001110000001110000000
0011111111110000001110000000
0011111111111111111110000000
0111111111111111111111000000
0111000001111111111111000000
0111000001110000001110000000
0111000001110000011110000000
0111000001110000011100000000
0111000001110000011100000000
0111111111111111111111000000
0011111111111111111111100000
0011111111111111111111100000
0000000000000000001100000000
0000000000000000000000000000
0000000000000000000000000000
