0000000000000000000000000000
0000000000000000000000000000
0000000000000000000000000000
0000000000001000000000000000
0000000000001100000000000000
0000000000000100000000000000
0000000000000100000000000000
0000000000000100000000000000
0000000000000100000000110000
0000000000000110000011110000
0000000000000010001110010000
0000000000000010111000011000
0000000000000011100000001000
0000000000001111000000001000
0000000001111001000000001000
0000000110000001000000001000
0000000100000001100000011000
0000000110000000111111110000
0000000010111111100000010000
0000000011000000100000110000
0000000001100000100000100000
0000000000110000100001100000
0000000000010001111111100000
0000000000001110010000000000
0000000000000000000000000000
0000000000000000000000000000
0000000000000000000000000000
0000000000000000000000000000
