0000000000000000000000000000
0000000000000000000000000000
0000000000000000000000000000
0000000000000000000000000000
0000000000000000000000000000
0000000000000000000000000000
0000000000001000000000000000
0000000000001000000000000000
0000000000001000000000000000
0000000000001000000000000000
0000000111111111100000000000
0000001100001000100000000000
0000110000001000100000000000
0000010000001001100000000000
0000010000001110010000000000
0000001011111000010000000000
0000001001001000010000000000
0000001000001000010000000000
0000000100001000010000000000
0000000100001000010000000000
0000000100001000110000000000
0000000000111111111111000000
0000000000000000000000000000
0000000000000000000000000000
0000000000000000000000000000
0000000000000000000000000000
0000000000000000000000000000
0000000000000000000000000000
