0000000000000000000000000000
0000000000000000000000000000
0000000000000000000000000000
0000000000000000000000000000
0000000000000000000000000000
0000000000000001000000000000
0000000000000010000000000000
0000000000000010000000000000
0000000000000010000000000000
0000000000000010000000000000
0000000000000010000000000000
0000000000000010000000000000
0000000000001111111110000000
0000000011110100000001000000
0000000000000010000001000000
0000000010000100000001000000
0000000010000100000001000000
0000000010000100000010000000
0000000010010110101011000000
0000000011110110110110000000
0000000001000100000100000000
0000000010000100000100000000
0000000001000010001000000000
0000000000000100001100000000
0000000001111111111000000000
0000000000000000010000000000
0000000000000000000000000000
0000000000000000000000000000
