0000000000000000000000000000
0000000000000000000000000000
0000000000000000000000000000
0000000000000000000000000000
0000000000000000000000000000
0000000000000000010000000000
0000000000000000010000000000
0000000000000000010000000000
0000000000000000010000000000
0000000000000000010000000000
0000011001010010011101010100
0000010111011101111011101110
0000011000000000010000000010
0000010000000000010000001111
0000010000000000010000011010
0000011000000000010000110110
0000010000000000010000010100
0000010000000000110000110100
0000010000000001100000010100
0000011111111111111111111111
0000010000000010000000110000
0000011000000010000000010000
0000010000000010000000110000
0000010000000100000000010000
0000010000001000000000110000
0000011111111111111111111000
0000010000001000000000010000
0000010000001000000000110000
