0000000000000000000000000000
0000000000000000000000000000
0000000000000000000000000000
0000000000000000000000000000
0000000000000000000000000000
0000000000000000000000000000
0000000000100000000000000000
0000000000100000000000000000
0000000000100000000000000000
0000000000100000000000000000
0000000000100000000000000000
0000000000100000000000000000
0000001100100000000000000000
0000011011111111100000000000
0001100000100000100000000000
0000100000100000010000000000
0000100000100000010000000000
0000111111111111110000000000
0000100000100000010000000000
0000100000100000010000000000
0000100000100000010000000000
0000100000100000010000000000
0000100000100000100000000000
0000100000100000100000000000
0000100000100000100000000000
0000000000100000100000000000
0000000000000000100000000000
0000001111111111111000000000
