0000000000000000000000000000
0000000000000000000000000000
0000000000001000000000000000
0000000000011100000000000000
0000000000011100000000000000
0000000000011100000000000000
0000000000011100000000000000
0000000000011100000000000000
0000000000011100000000000000
0000000000011100000111111000
0001111111111111111111111100
0111111111111111111111111100
1111111111111111111110011100
1111000000011100000000011100
0111000000011100000000011100
0111000000011100000000011100
0111000000011100000000011110
0111000000011100000000001110
0111000000011100000000001110
0111100000011100011111111110
0011100111111111111111111110
0011101111111111111111111110
0011100111111111110000001110
0011100000001110000111111110
0011100000001111111111111110
0011100000111111111111111110
0011101111111111111110000110
0001111111111110000000000000
