0000000000000111000000000000
0000000000000111000000000000
0000000000000111000000000000
0000000000000111000000000000
0000000000000111000000000000
0000011111111111111111110000
0000111111111111111111111100
0001111111111111111111111110
0001111000000111000000011110
0000111000000111000000001110
0000111000000111000000001110
0000111000000111000000001110
0000111000000111000000001110
0000111111111111110000001110
0000111111111111111000011110
0000111111111111111000011100
0000111000000111000000011100
0000111000001111000000011100
0000111000001111000000011100
0000111000001110000000011100
0000111000001110000000011100
0000111011111111111111111100
0000011111111111111111111100
0000000011111111111111111100
0000000000000000000000000000
0000000000000000000000000000
0000000000000000000000000000
0000000000000000000000000000
