0000000000000000000000000000
0000000000000000000000000000
0000000000000000000000000000
0000000000000000000000000000
0000000000000000000000000000
0000000000000000000000000000
0000000000000000000000000000
0000000000000000000000000000
0000000000000000000000000000
0000000000000000000000000000
0000000000100000000000000000
0000000000100000000000000000
0000000000010000000000000000
0000000000010000000000000000
0000000000010000000000000000
0000000000010000000000000000
0000000000111111000000000000
0000010111101001000000000000
0000001000001000100000000000
0000001000001000100000000000
0000001000001111100000000000
0000001011111000100000000000
0000001000001000010000000000
0000001100000100010000000000
0000000100000100010000000000
0000000010000100010000000000
0000000011100100010000000000
0000000000011111110000000000
