0000000000000000000000000000
0000000000000000000000000000
0000000000000000000000000000
0000000000000000000000000000
0000000000000000100000000000
0000000000000000100000000000
0000000000000000100000000000
0000000000000000100000000000
0000000000000000100000000000
0000010000000000100000000000
0000010000000000100000000000
0000011111111111111111100000
0000010000000000100000110000
0000010000000000100000010000
0000010000000000100000010000
0000011000000000100000010000
0000001000000000100000010000
0000001000000000100000010000
0000001001111111111000010000
0000001000000000100111010000
0000001000000000100000010000
0000001000000000100000110000
0000001000000000100000100000
0000001000000000100000100000
0000000000011111111111100000
0000000011100000000000000000
0000000000000000000000000000
0000000000000000000000000000
