0000000000000000000000000000
0000000000000000000000000000
0000000000000000000000000000
0000000000111000000000000000
0000000000111000000000000000
0000000000111000000000000000
0000000000111000000000000000
0000000000111000000000000000
0000000000111000000000000000
0001111111111111111100000000
0011111111111111111110000000
0011111111111111111111000000
0011100000111000000111000000
0011100000111000000111000000
0011100000111000000111000000
0011100000111000000111000000
0011100000111000000111000000
0011110100111010010111000000
0001111111111111111111000000
0011111111111111111111000000
0001110110111101100111000000
0011100000111000000111000000
0001110000111000000111000000
0001111111111111111111000000
0001111111111111111110000000
0001111111111111111110000000
0001100000000000000000000000
0000000000000000000000000000
