0000000000000000000000000000
0000000000000000000000000000
0000000000000000000000000000
0000000000000000000000000000
0000000000000000000000000000
0000000000000000000000000000
0000000001000000000000000000
0000000001000000000000000000
0000000001000000000000000000
0011111111111111100000000000
0010000001000000110000000000
0010000001000000100000000000
0010000001000000100000000000
0010000011000000100000000000
0011111111111111110000000000
0010000001000000100000000000
0010000001000000100000000000
0010000001000000110000000000
0010000011000000100000000000
0010000001000000100000000000
0011111111111111100000000000
0110000000000000110000000000
0000000000000000000000000000
0000000000000000000000000000
0000000000000000000000000000
0000000000000000000000000000
0000000000000000000000000000
0000000000000000000000000000
