0000000000000000000000000000
0000000000000000000000000000
0000000000000000000000000000
0000000000000000000000000000
0000000000000000000000000000
0000000000000100000000000000
0000000000000100000000000000
0000000000000100000000000000
0000000000000100000000000000
0000000000000100000000000000
0000000000000100000000000000
0000001111111111111100000000
0000001000000100000100000000
0000001000000100000100000000
0000001000000100000100000000
0000001000000100000100000000
0000000100000100000100000000
0000001001111111110100000000
0000000100000100000100000000
0000000100001100000100000000
0000000100000000000100000000
0000000100001100000100000000
0000000100000001011100000000
0000000111111111010100000000
0000000000000000000000000000
0000000000000000000000000000
0000000000000000000000000000
0000000000000000000000000000
