0000000000000000000000000000
0000000000000000000000000000
0000000000000000000000000000
0000000000000000000000000000
0000000000000000000000000000
0000000000000000000000000000
0000000000000010000000000000
0000000000000010000000000000
0000000000000010000000000000
0000000000000010000000000000
0000000000000010000000000000
0000000000000010000000000000
0000000011111111110000000000
0000001110000010001100000000
0000011000000010000110000000
0000010000000010000011000000
0000001000000010000001000000
0000001000000010011101000000
0000001000011111100001000000
0000001001100010000001000000
0000001000000010000001000000
0000000100000010000010000000
0000000100000010000010000000
0000000110000010000010000000
0000000110000010000100000000
0000000000000010111110000000
0000000000011111000100000000
0000000000000000000000000000
