0000000000000000000000000000
0000000000000000000000000000
0000000000000000000000000000
0000000000000100000000000000
0000000000000100000000000000
0000000000000100000000000000
0000000000000100000000000000
0000000000000100000000000000
0000000000000100000000000000
0000000000000100000000000000
0000011111111111111100000000
0000010000000100000111100000
0000010000000100000000100000
0000010000000100000000100000
0000010000000100000000100000
0000010000000100000000100000
0000010000000100000000100000
0000011111100100011000100000
0000010000111111111111100000
0000010000000100000000100000
0000010000000100000000100000
0000010000000100000000100000
0000010000001100000000100000
0000010000001000000000100000
0000011111111111111111100000
0000000000000000000000000000
0000000000000000000000000000
0000000000000000000000000000
