0101001010010101010100101010
0100101001010010001010100100
0101001010101001100100101010
0100101001001010010010100101
0101010100101001010101010010
0100100101010101010100101001
0101010010010011010010010100
0100101010101010101010100101
0101001001001010100101010100
0100100101010101010100100101
0101010101010110101010010100
0100101010101011010101010010
0101001011010101011010010101
0100101010101011010101010010
0101010101010101010100101001
0100100101001010101010100101
0101010110101101010101010100
0100100101010110101010010010
0101010101101011011001001010
0100100101010101010101010101
0101010101010110101010100100
0100100101010101010100010010
0101010101101110110101010101
0100010010101001010101001001
0101001010010101001001010100
0100101001001001010100100101
0101010101010100100101010100
0100100100100101010010010010
