0000000000000000000000000000
0000000000000110000000000000
0000000000000110000000000000
0000000000001111000000000000
0000000000000110000000000000
0000000000001111000000000000
0000000000000110000000000000
0000000000001111010100000000
0000001111111111111110000000
0000011111111111111111000000
0000111111111111010111100000
0000111000000111000011100000
0000111000001110000011100000
0000111000000111000111100000
0000111000001110000011000000
0000111000000111010111100000
0000111011111111111111100000
0000011111111111111111100000
0000111111111111110111100000
0000111101000111000111000000
0000011000000110000011000000
0000111100001111000111100000
0000011101001111000111000000
0000011111111111111111000000
0000011111111111111111000000
0000000010101010111010000000
0000000000000000000000000000
0000000000000000000000000000
