0000000000000000000000000000
0000000000000000000000000000
0000000000000000000000000000
0000000000000100000000000000
0000000000000100000000000000
0000000000000100000000000000
0000000000000100000000000000
0000000000000100000000000000
0000001111111111110000000000
0000001000000100010000000000
0000001000000100010000000000
0000001000000100010000000000
0000001100000100010000000000
0000000100000100010000000000
0000000100000100010000000000
0000000101111111111100000000
0000000100000100010000000000
0000000100000100010000000000
0000000000000100010000000000
0000000000000100010000000000
0000011110000000110000000000
0000000011111111000000000000
0000000000000000000000000000
0000000000000000000000000000
0000000000000000000000000000
0000000000000000000000000000
0000000000000000000000000000
0000000000000000000000000000
