0000000000000000000000000000
0000000000000000000000000000
0000000000000010000000000000
0000000000000010000000000000
0000000000000010000000000000
0000000000000010000000000000
0000000000000010000000000000
0000000000000010000000000000
0000001111111111111110000000
0000001000000010000010000000
0000001000000010000010000000
0000001000000010000010000000
0000001000000010000010000000
0000001000000010000010000000
0000001000000010000010000000
0000001011110010000010000000
0000001000011111111110000000
0000001000000010000010000000
0000001000000010000010000000
0000001000000010000010000000
0000001000000010000010000000
0000000111111111111111000000
0000000000000000000000000000
0000000000000000000000000000
0000000000000000000000000000
0000000000000000000000000000
0000000000000000000000000000
0000000000000000000000000000
