0000000000000000000000000000
0000000000000000000000000000
0000000000000000000000000000
0000000000000000000000000000
0000000000000100000000000000
0000000000000100000000000000
0000000000000100000000000000
0000000000000100000000000000
0000000000000100000000000000
0000000111111111000000000000
0000010000000100111110000000
0000010000000110000010000000
0000001000000010000010000000
0000001000000010000010000000
0000001000000010000010000000
0000000110011111110010000000
0000000010010010000010100000
0000000010000010000010100000
0000000010000010000010100000
0000000001000010000000100000
0000000001000010000000100000
0000000000111111111111100000
0000000000000000000000000000
0000000000000000000000000000
0000000000000000000000000000
0000000000000000000000000000
0000000000000000000000000000
0000000000000000000000000000
