0000000000000000000000000000
0000000000000000100000000000
0000000000000000100000000000
0000000000000000100000000000
0000000000000000100000000000
0000000000000000100000000000
0000000000000000100000000000
0000000000000000100000000000
0000000000000000100000000000
0000011111111111111111111111
0000010000000000100000000010
0000010000000000100000000001
0000010000000000100000000001
0000010000000001000000000001
0000010000000001000000000001
0000010000000001000000000001
0000011000000001000000000001
0000001011111111111111111111
0000001000000001000000000001
0000001000000001000000000001
0000001000000001000000000001
0000001000000001000000000001
0000001000000001000000000001
0000001000000001000000000001
0000000111111111111111111111
0000000000000000000000000000
0000000000000000000000000000
0000000000000000000000000000
