0000000000000000000000000000
0000000000000000000000000000
0000000000000000000000000000
0000000000000000000000000000
0000000000000000000000000000
0000000000000000000000000000
0000000000110000000000000000
0000000000011000000000000000
0000000000000100000000000000
0000000000000100000000000000
0000000000000100000000000000
0001000000000100000000000000
0001000000000100000000000000
0001111111111111110000000000
0001000000000100001000000000
0001000000000100001000000000
0001000000000100001000000000
0001000000000100001000000000
0011111000000100001000000000
0001000110000010001000000000
0001000001111111111000000000
0001000000000010001000000000
0001000000000010001000000000
0001000000000010001000000000
0001000000000010001000000000
0001111111111111111000000000
0000100000000010000000000000
0000100000000000000000000000
