0000000000000000000000000000
0000000000000000000000000000
0000000000000000000000000000
0000000000000000000000000000
0000000000100000000000000000
0000000001110000000000000000
0000000001110000000000000000
0000000001110000000000000000
0000000001110000000000000000
0000000001110000000000000000
0000000001110000000000000000
0001111111111111100000000000
0011111111111111111000000000
0011111111111111111100000000
0011100001110000111100000000
0011100001110000011100000000
0011100001110000011100000000
0011111111111111111100000000
0011111111111111111100000000
0011111111111111111100000000
0011100001110000011100000000
0011100001110000011100000000
0011111111111111111100000000
0111111111111111111100000000
0011111111111111111100000000
0000000000000000011000000000
0000000000000000000000000000
0000000000000000000000000000
