0000000000000000000000000000
0000000000000000000000000000
0000000000000000000000000000
0000000000100000000000000000
0000000000100000000000000000
0000000000100000000000000000
0000000000100000000000000000
0000000000100000000000000000
0000000011111111110000000000
0000111100100000011000000000
0000100000100000001000000000
0000100000100000001000000000
0000100000100000001000000000
0000100000100000001000000000
0000100000100000001000000000
0000100001111110001000000000
0000101110100000010000000000
0000010000100000010000000000
0000010000100000010000000000
0000010000000000110000000000
0000010000000000100000000000
0000010000000001100000000000
0000000111110111000000000000
0000000000000000000000000000
0000000000000000000000000000
0000000000000000000000000000
0000000000000000000000000000
0000000000000000000000000000
