0000000000000010000000000000
0000000000000111000000000000
0000000000000111000000000000
0000000000000111100000000000
0000000000000011100000000000
0000000000000011100000000000
0000000000000011100000000000
0000111111111111111111110000
0000111111111111111111111000
0000111111111111111111111000
0000111000000011100000111000
0000111000000011100000111000
0000111000000011100000111000
0000111000000011100000111000
0000111000000011100000111000
0000111000000011100001111000
0000111000111111111111111000
0000111011111111111111111000
0000111111111111111111111000
0000111011100011100000111000
0000111000000011100000111000
0000111000000011100000111000
0001111000000011100000111000
0001110000000011100000111000
0001111111111111111111111000
0001111111111111111111111100
0000111111111111111111111100
0000111100000000000000111000
