0000000000000000000000000000
0000000000000000000000000000
0000000000000000000000000000
0000000000000000000000000000
0000000000000000000000000000
0000000000000100000000000000
0000000000000100000000000000
0000000000000100000000000000
0000010000000100000000000000
0000011111111111111100000000
0000010000000100000100000000
0000010000000100000100000000
0000010000000100000100000000
0000010000000100000100000000
0000010011111111100100000000
0000010000000100000100000000
0000010000000100000100000000
0000010000000100000100000000
0000010000000100000100000000
0000010000000100000100000000
0000011111111111111100000000
0000000000000000000000000000
0000000000000000000000000000
0000000000000000000000000000
0000000000000000000000000000
0000000000000000000000000000
0000000000000000000000000000
0000000000000000000000000000
