0000000000000000000000000000
0000000000010000000000000000
0000000000010000000000000000
0000000000010000000000000000
0000000000010000000000000000
0000000000010000000000000000
0000000000010000000000000000
0000000000010000000000000000
0000000111111111110000000000
0000111100010000001100000000
0000100000010000000100000000
0000100000010000000100000000
0000100000010000000100000000
0000100000010000001000000000
0000010000010000001000000000
0000010000010000001000000000
0000010111111111010000000000
0000001100010000010000000000
0000001000010000100000000000
0000001000010000100000000000
0000001000010001000000000000
0000000100000001000000000000
0000000100000011000000000000
0000000011111010000000000000
0000000010000000000000000000
0000000000000000000000000000
0000000000000000000000000000
0000000000000000000000000000
