0000000000000000000000000000
0000000000000000000000000000
0000000000000000000000000000
0000000000000000000000000000
0000000000000000000000000000
0000000000000000000000000000
0000000000000000000000000000
0000000000000000000000000000
0000000000000000000000000000
0000000000010000000000000000
0000000000010000000000000000
0000000000010000000000000000
0000000000010000000000000000
0000010000010000000000000000
0000011111111111111100000000
0000010000010000000100000000
0000010000010000000100000000
0000010000010000000100000000
0000010000010000000100000000
0000010011111110000100000000
0000010000010000000100000000
0000010000011000000100000000
0000010000001000000100000000
0000010000000000000100000000
0000011111111111111100000000
0000000000000000000000000000
0000000000000000000000000000
0000000000000000000000000000
