0000000000000000000000000000
0000000000000000000000000000
0000000000000000000000000000
0000000000000100000000000000
0000000000000100000000000000
0000000000000100000000000000
0000000000000100000000000000
0000000000000100000000000000
0000000000000100000000000000
0000000000000100000000000000
0001111111111111111110000000
0000000000000100000011000000
0000000000000100000001000000
0001100000000100100001000000
0000010000111111111001000000
0000010001000100000011000000
0000011000000100000010000000
0000001000000100000100000000
0000001100000100101100000000
0000000110000100111000000000
0000000111111111110000000000
0000000000000000000000000000
0000000000000000000000000000
0000000000000000000000000000
0000000000000000000000000000
0000000000000000000000000000
0000000000000000000000000000
0000000000000000000000000000
