0000000000000000000000000000
0000000000000000000000000000
0000000000000000000000000000
0000000000000000000000000000
0000000000000000000000000000
0000000000000000000000000000
0000000000000000000000000000
0000000000000000000000000000
0000000000000000000000000000
0000000000000000000011000000
0000000000000000000011000000
0000110000000000000011000000
0000110000000000000011000000
0000111000000000000011000000
0000011011111111111111111111
0000011111111111111111111111
0000001110000000000011000011
0000000110000000000011000011
0000000111000000000011000011
0000000011000000000011000011
0000000011000111111111111111
0000000011101111111111111101
0000000001100000000011000111
0000000001110000000000011111
0000000000110000000011111100
0000000000111000000111110000
0000000000011000111111111000
0000000000011101111111110000
