0000000000000000000000000000
0000000000000000000000000000
0000000000000000000000000000
0000000000000000000000000000
0000000000000000000000000000
0000000000000000000000000000
0000000000000010000000000000
0000000000000010000000000000
0000000000000010000000000000
0000000000000010000000000000
0000000000000010000000000000
0000000000000010000000000000
0000100000000010000000000000
0000100100000010000000000000
0000100111111111111111000000
0000010000000010000001000000
0000010000000010000001000000
0000010000000011111101000000
0000010011111110000001000000
0000010000000010000001000000
0000010000000010000001000000
0000011000000010000001000000
0000001000000000000001000000
0000001111111111111111100000
0000000000000000000000000000
0000000000000000000000000000
0000000000000000000000000000
0000000000000000000000000000
