0000000000000000000000000000
0000000000000000000000000000
0000000000000000000000000000
0000000000001000000000000000
0000000000011100000000000000
0000000000011100000000000000
0000000000011100000000000000
0000000000011100000000000000
0000000000011100000000000000
0000000000011100000000000000
0001111111111111110000000000
0011111111111111111111100000
0011111111111111111111110000
0011100000011100011111110000
0011100000011100000001110000
0011101111111111111111111000
0011111111111111111111111100
0011101111111111111111111100
0011100000011110000001110000
0011100000001110000001110000
0011100000001110000001111000
0001111111111111111111111000
0000111111111111111111110000
0000011111111111111111110000
0000000000000000000000000000
0000000000000000000000000000
0000000000000000000000000000
0000000000000000000000000000
