0000000000000000000000000000
0000000000000000000000000000
0000000000000010000000000000
0000000000000010000000000000
0000000000000010000000000000
0000000000000010000000000000
0000000000000010000000000000
0000000000000001000000000000
0000000000000001000000000000
0000000000000001000000000000
0000000111111111111110000000
0000000100000001100010000000
0000000100000000100010000000
0000000100000000100010000000
0000000100000000100001000000
0000000100111111111001000000
0000000100000000100001000000
0000000100000000100001000000
0000000100000000100001000000
0000000111111111000001000000
0000000000000000111111000000
0000000000000000000000000000
0000000000000000000000000000
0000000000000000000000000000
0000000000000000000000000000
0000000000000000000000000000
0000000000000000000000000000
0000000000000000000000000000
