0000000000000000000000000000
0000000000000000000000000000
0000000000000000000000000000
0000000000000000100000000000
0000000000000000100000000000
0000000000000000100000000000
0000000000000000100000000000
0000000000000000010000000000
0000000000000000010000000000
0000000000000000010000000000
0000000000000000010000000000
0000000000000000010000000000
0000000111111111111111111110
0000000000000000010000000010
0000000000000000010000000010
0000010000000000010000000010
0000010000000000010000000010
0000010000000000010000000010
0000001000000000011111111110
0000001000000111110000000010
0000001000111000010000000010
0000001000000000010000000100
0000001000000000010000000100
0000000000000000010000000100
0000000000000000010000000100
0000000111111111111111110100
0000000000000000000000000000
0000000000000000000000000000
