0000000000000000000000000000
0000000000001000000000000000
0000000000001000000000000000
0000000000011000000000000000
0000000000010000000000000000
0000000000010000000000000000
0000000000010000000000000000
0000000000010000000000000000
0000000000010000000000000000
0000001111111111111110000000
0000001000010000000010000000
0000001000010000000010000000
0000001000010000000110000000
0000001000010000000100000000
0000001000010111111100000000
0000001111111100000100000000
0000001000010000000100000000
0000001000010000000100000000
0000001000010000000100000000
0000000000000000000100000000
0000001111111111100000000000
0000000000000000111110000000
0000000000000000000000000000
0000000000000000000000000000
0000000000000000000000000000
0000000000000000000000000000
0000000000000000000000000000
0000000000000000000000000000
