0000000000000000000000000000
0000000000000000000000000000
0000000000000000000000000000
0000000000000000000000000000
0000000000001000000000000000
0000000000000100000000000000
0000000000001000000000000000
0000000000001000000000000000
0000000000001000101000000000
0000000000101111010100000000
0000000111011000000100000000
0000000100001000000010000000
0000000100001000000100000000
0000000100001000000100000000
0000000100011000000100000000
0000001011111111001000000000
0000000100001000001000000000
0000001000001000001000000000
0000001000001000010000000000
0000001000001000010000000000
0000000111111111100000000000
0000000000000000000000000000
0000000000000000000000000000
0000000000000000000000000000
0000000000000000000000000000
0000000000000000000000000000
0000000000000000000000000000
0000000000000000000000000000
