0000000000000000000000000000
0000000000000000000000000000
0000000000000000000000000000
0000000000010000000000000000
0000000000010000000000000000
0000000000010000000000000000
0000000000010000000000000000
0000000000010000000000000000
0000000000010000000000000000
0000000000010000000000000000
0000000000010001110000000000
0000011111111111010000000000
0000011000010000010000000000
0000010000010000010000000000
0000010000010000010000000000
0000010000010000010000000000
0000010000010011110000000000
0000011111111110010000000000
0000010000010000010000000000
0000010000010000010000000000
0000010000010000010000000000
0000010111111111110000000000
0000011100000000010000000000
0000000000000000010000000000
0000000000000000000000000000
0000000000000000000000000000
0000000000000000000000000000
0000000000000000000000000000
