0000000001100000000000000000
0000000011000000000000000000
0000000001000000000000000000
0000000001000000000000000000
0000000011000000000000000000
0000000001000000000000000000
0000000011000000000000000000
0011111111111110000000000000
0010000001000010000000000000
0010000001000010000000000000
0010000011000010000000000000
0010000001000010000000000000
0010000011000010000000000000
0010000001000010000000000000
0010000001000010000000000000
0011111111101010000000000000
0011000011010001000000000000
0011000001000001000000000000
0011000011000001000000000000
0011000001000001000000000000
0011100011000001100000000000
0001000001000001100000000000
0001000011000001010000000000
0001000001000111000000000000
0001000001001100000000000000
0001111111111000000000000000
0001000001000000000000000000
0001000000000000000000000000
