0000000000000000000000000000
0000000000000000000000000000
0000000000000000000000000000
0000000000000010000000000000
0000000000000001000000000000
0000000000000001000000000000
0000000000000001000000000000
0000000000000001000000000000
0000000000000001000000000000
0000011111111111111110000000
0000000000000010000011000000
0000100000000010000001000000
0000100000000010000001000000
0000100000000010000011000000
0000100001111111111111000000
0000100000000010000010000000
0000100000000010000010000000
0000010000000010000010000000
0000010000000010000100000000
0000010000000010000100000000
0000001000000010011100000000
0000001111111111110000000000
0000000000000000000000000000
0000000000000000000000000000
0000000000000000000000000000
0000000000000000000000000000
0000000000000000000000000000
0000000000000000000000000000
