0000000000000000000000000000
0000000000010000000000000000
0000000000010000000000000000
0000000000010000000000000000
0000000000011000000000000000
0000000000001000000000000000
0000000000001000000000000000
0000000000001000000000000000
0000000000001000000000000000
0000000000001000000000000000
0000011111001000000000000000
0000000000111111111100000000
0001000000001000000111100000
0001100000001000000000110000
0000100000001000000000010000
0000100000001000000000010000
0000100000001111000000010000
0000100001111100000000010000
0000100001001000000000010000
0000110000001000000000100000
0000010000001000000000100000
0000010000001000000000100000
0000010000001001111111100000
0000000001111111000111000000
0000000000000000000110000000
0000000000000000000000000000
0000000000000000000000000000
0000000000000000000000000000
