0000000000000000000000000000
0000000000000000000000000000
0000000000000010000000000000
0000000000000010000000000000
0000000000000100000000000000
0000000000000100000000000000
0000000000000100000000000000
0000000000000100000000000000
0000000000011111111110000000
0000001111101000000011000000
0000011000001000000001000000
0000010000001000000001000000
0000010000001000000001000000
0000010000001000000001000000
0000010000001011111001000000
0000010111111110000001000000
0000010000001000000010000000
0000010000001000000010000000
0000010000001000000010000000
0000011000001000000010000000
0000001000001000000000000000
0000000000001000000000000000
0000000011111111111000000000
0000000000000000000000000000
0000000000000000000000000000
0000000000000000000000000000
0000000000000000000000000000
0000000000000000000000000000
