0000000000000000000000000000
0000000000001100000000000000
0000000000000100000000000000
0000000000001100000000000000
0000000000000100000000000000
0000000000000100000000000000
0000000000001100000000000000
0000000000000100000000000000
0000000000001100000000000000
0000000000000100000000000000
0000000000001100000000000000
0000000000101101010100000000
0000000011111111111111000000
0000000110000100000010000000
0000000010000110000011000000
0000000010000100000010000000
0000000110000110000011000000
0000000010010110010110000000
0000000011111111111011000000
0000000110001010001110000000
0000000010000110000010000000
0000000010000010000010000000
0000000110000110000110000000
0000000010000110000110000000
0000000011010110010100000000
0000000011111011111100000000
0000000000001010010000000000
0000000000000000000000000000
