0000000000000000000000000000
0000000000000000000000000000
0000000000000000000000000000
0000000000000000000000000000
0000000000000100000000000000
0000000000001110000000000000
0000000000001110000000000000
0000000000001110000000000000
0000000000001110000000000000
0000000000001110000000000000
0000000000001110000000000000
0000000000001110000000000000
0000011111111111100000000000
0000111111111111111100000000
0000111111111111111111000000
0001110000001110111111000000
0001110000001110000111100000
0001110000001110000011100000
0001110000001110000011100000
0001110111111111111111100000
0001111111111111111111100000
0001110111111111111111100000
0001111000001110011110000000
0001111000000110011110000000
0000111011111111111000000000
0000011111111111111000000000
0000000011111111111000000000
0000000000000000000000000000
