0000000000000000000000000000
0000000000000000000000000000
0000000000000000000000000000
0000000000000000000000000000
0000000000000000000000000000
0000000001100000000000000000
0000000001000000000000000000
0000000001100000000000000000
0011111111111111100000000000
0011111111111111100000000000
0011000001000001100000000000
0011000001100000100000000000
0011000001000001100000000000
0011111111111111100000000000
0011111111111111100000000000
0011000001000001100000000000
0011000001100000100000000000
0011000001000001100000000000
0011000011100001100000000000
0011111111111111100000000000
0011111111111111100000000000
0011000000000000100000000000
0000000000000000000000000000
0000000000000000000000000000
0000000000000000000000000000
0000000000000000000000000000
0000000000000000000000000000
0000000000000000000000000000
