0000000000000000000000000000
0000000000000000000000000000
0000000000000000000000000000
0000000000000000000000000000
0000000000001000000000000000
0000000000001000000000000000
0000000000001000000000000000
0000000000001000000000000000
0000000000001000000000000000
0000000000001000000000000000
0000000000001000000000000000
0000000000001000000000000000
0000000000001011111000000000
0000000100111100000100000000
0000000111101000000100000000
0000000100001000000100000000
0000000100001000000100000000
0000000100001101110100000000
0000000110111111000100000000
0000000010000100000100000000
0000000010000100000100000000
0000000010000100111100000000
0000000011111111100000000000
0000000000000000000000000000
0000000000000000000000000000
0000000000000000000000000000
0000000000000000000000000000
0000000000000000000000000000
