0000000000000000000000000000
0000000000000000000000000000
0000000000000000000000000000
0000000000000000000000000000
0000000000100000000000000000
0000000000100000000000000000
0000000000100000000000000000
0000000000100000000000000000
0000000000100000000000000000
0000000000100000110000000000
0000100111111111010000000000
0000111100100000010000000000
0000100000100000010000000000
0000100000100000010000000000
0000100000100000010000000000
0000100000100000110000000000
0000111111111111100000000000
0000100000100000100000000000
0000100000100000100000000000
0000100000100000100000000000
0000110000111111000000000000
0000111111110000000000000000
0000000000000000000000000000
0000000000000000000000000000
0000000000000000000000000000
0000000000000000000000000000
0000000000000000000000000000
0000000000000000000000000000
