0000000000000000000000000000
0000000000000000000000000000
0000000000000000000000000000
0000000000000000000000000000
0000000000000001000000000000
0000000000000001000000000000
0000000000000001000000000000
0000000000000001000000000000
0000000000000001000000000000
0000000000000001000000000000
0000000000000001000000000000
0000000000000001000000000000
0000000100000001000000000000
0000000111111111111111100000
0000000100000001000000100000
0000000100000001000000100000
0000000100000001000000100000
0000000100000001000000100000
0000000100000001000000100000
0000000100000001000000100000
0000000101111111111111110000
0000000100000001000000100000
0000000100000001000000100000
0000000100000001000000100000
0000000100000001000000100000
0000000100000001000000100000
0000000100000001000000100000
0000000111111111111111100000
