0000000000000000000000000000
0000000000000000000000000000
0000001000000000000000000000
0000001000000000000000000000
0000001000000000000000000000
0000001000000000000000000000
0000000100000000000000000000
0000000100000000000000000000
0000000100000000000000000000
0000000111111111100000000000
0000111100000000100000000000
0000000100000000100000000000
0000100100000000100000000000
0000101111111000100000000000
0011110100000000100000000000
0000100100000000100000000000
0000100100000000100000000000
0000100100000000100000000000
0000100100000000100000000000
0000100100000000100000000000
0000100100000000100000000000
0000100100000000100000000000
0000000100000000100000000000
0000000000000000100000000000
0000111111111111111111000000
0000000000000000100000000000
0000000000000000000000000000
0000000000000000000000000000
