0000000000000000000000000000
0000000000000000000000000000
0000000000000000000000000000
0000000000000000000000000000
0000000000000011000000000000
0000000000000011000000000000
0000000000000011000000000000
0000011000000011000000000000
0000011001111111111111100000
0000011011111111111111110000
0000011011000011000000110000
0000011010000011110000110000
0000011000011111111000110000
0000011000111111000000110000
0000011100000011000000110000
0000001100000011000000110000
0000001100000011000000110000
0000001100000011000000110000
0000001100000000000001110000
0000001100011111111110000000
0000001100111111111111000000
0000000000000000000000000000
0000000000000000000000000000
0000000000000000000000000000
0000000000000000000000000000
0000000000000000000000000000
0000000000000000000000000000
0000000000000000000000000000
