0000000000000000000000000000
0000000000000000000000000000
0000000000000000000000000000
0000000000000000000000000000
0000000000100000000000000000
0000000001110000000000000000
0000000001110000000000000000
0000000001110000000000000000
0000000001110000000000000000
0000000001110000000000000000
0000000001110000000000000000
0000000001110000000000000000
0000000001111111111110000000
0011111111111111111111000000
0111111111111111111111000000
0111111111110000000111000000
0111100001110000000111000000
0111000001110000000111000000
0111000001110000000111000000
0111000001110111000111000000
0111000111111111100111000000
0111001111111111100111000000
0111001111111100000111000000
0111000111110000000111000000
0111000001110000000111000000
0111111111111111111111000000
0111111111111111111111000000
0111111111111111111111000000
