0000000000000000000000000000
0000000000000000000000000000
0000000000000000000000000000
0000000000000000000000000000
0000000000000000000000000000
0000000000000001000000000000
0000000000000001000000000000
0000000000000001000000000000
0000000000000001000000000000
0000000000000001000000000000
0000000000000001000000000000
0000000001111111111110000000
0000000001000001000010000000
0000000001000001000010000000
0000000001000001000010000000
0000000001000001000010000000
0000000001111111111110000000
0000000001000001000010000000
0000000001000001000010000000
0000000001000001000010000000
0000000001000001000010000000
0000000001111111111110000000
0000000000000000000000000000
0000000000000000000000000000
0000000000000000000000000000
0000000000000000000000000000
0000000000000000000000000000
0000000000000000000000000000
