0000000000000000000000000000
0000000000000110000000000000
0000000000000110000000000000
0000000000000110000000000000
0000000000000110000000000000
0000000000000110000000000000
0000000000000110000000000000
0000110111111111111111110000
0000111111111111111111100000
0000110000000110000000110000
0000110000000110000000110000
0000110000000110000000110000
0000110000000110000000110000
0000110000000110000000110000
0000111111111111111111110000
0000111111111111011101100000
0000110000000110000000110000
0000110000000110000000100000
0000110000000110000000110000
0000110000000110000000100000
0000110000000110000000100000
0000111111111111111111100000
0000010100100000000001100000
0000000000000000000000000000
0000000000000000000000000000
0000000000000000000000000000
0000000000000000000000000000
0000000000000000000000000000
