0000000000000000000000000000
0000000000000000000000000000
0000000000000000000000000000
0000000000000000000000000000
0000000000001000000000000000
0000000000001100000000000000
0000000000001100000000000000
0000000000001100000000000000
0000000000001100000000000000
0000000000000100000000000000
0000000000000111111100000000
0000000000011100000110000000
0000000111100100000010000000
0000000110000110000010000000
0000000100000010000010000000
0000000100011111110010000000
0000000100100010000010000000
0000000100000010100010000000
0000000010000011110110000000
0000000010111111011100000000
0000000010000000001100000000
0000000000000000000000000000
0000000000000000000000000000
0000000000000000000000000000
0000000000000000000000000000
0000000000000000000000000000
0000000000000000000000000000
0000000000000000000000000000
