0000000000000000000000000000
0000000000000000000000000000
0000000000000000100000000000
0000000000000000100000000000
0000000000000000100000000000
0000000000010000100000000000
0000000000011111100000000000
0000000000100000111110000000
0000000000100000100001100000
0000000000100000100000010000
0000000000100000100000100000
0000000000100000100000010000
0000000000100000100000100000
0000000000100000100000100000
0000000000010000100000100000
0000000000111101111111111000
0000000000000011111110100000
0000000000110000100000100000
0000000000010000100000100000
0000000000010000100000100000
0000000000100000100000100000
0000000000011010101011000000
0000000000000101110100000000
0000000000000000000000000000
0000000000000000000000000000
0000000000000000000000000000
0000000000000000000000000000
0000000000000000000000000000
