0000000000000000000000000000
0000000000000000000000000000
0000000000000000000000000000
0000000001000000000000000000
0000000001000000000000000000
0000000001000000000000000000
0000000001000000000000000000
0000000001100000000000000000
0000000000100000011100000000
0000000000101111100111000000
0000000000111000000001000000
0000000011110000000001000000
0000111100010000000011000000
0000100000010000000010000000
0000100000010100000010000000
0000100000011111100010000000
0000110001110000000010000000
0000010111010000000010000000
0000010000010000000110000000
0000011000010000000100000000
0000001000010000100100000000
0000001000001111111100000000
0000001011111000001100000000
0000000010000000000000000000
0000000000000000000000000000
0000000000000000000000000000
0000000000000000000000000000
0000000000000000000000000000
