0000000000000000000000000000
0000000000001000000000000000
0000000000001000000000000000
0000000000001000000000000000
0000000000011000000000000000
0000000000010000000000000000
0000000000010000000000000000
0000000000010000000000000000
0000000000010000000000000000
0000000000010000000000000000
0000000000010000000000000000
0000000000010000000000000000
0000000000010000000000000000
0000000000010000000000000000
0000000000010000000000000000
0000001111111111111110000000
0110110000010000000011000000
0010000000010000000001000000
0001000000010000000001000000
0001000000010000000011000000
0001000011111111111111000000
0001111100010000000001000000
0001000011111100000010000000
0000100000010011000010000000
0000100000010000111100000000
0000100000010001111100000000
0000100001111110000000000000
0000111110000000000000000000
