0000000000000000000000000000
0000000000000000000000000000
0000000000000100000000000000
0000000000001110000000000000
0000000000000111000000000000
0000000000001110000000000000
0000000000000111000000000000
0000000000001110000000000000
0000000000000111000000000000
0000000000001110000000000000
0000111101010111111111110000
0001111111111111111111111000
0001111111111111111111111000
0000111001011111000000111000
0000111000000110000000111000
0000111000000111000001110000
0000111000001111000001110000
0000111000000110000001110000
0000111100101111111111110000
0000111111111111111111110000
0000111111111111111101110000
0000111111101111000001110000
0000011000000111000001110000
0000111100000111000101110000
0000011111111111111111110000
0000011111111111111111110000
0000011111111111111110000000
0000001000000000000000000000
