0000000000000000000000000000
0000000000000000000000000000
0000000000000000000000000000
0000000000010000000000000000
0000000000010000000000000000
0000000000010000000000000000
0000000000010000000000000000
0000000000010000000000000000
0000000000010000000000000000
0000000000010000000000000000
0000011111111111110000000000
0000001000010000010000000000
0000001000010000010000000000
0000001000010000010000000000
0000001011111100110000000000
0000001000010000100000000000
0000001000001000100000000000
0000000100001001100000000000
0000000110011101000000000000
0000000011111101000000000000
0000000010000000000000000000
0000000000000000000000000000
0000000000000000000000000000
0000000000000000000000000000
0000000000000000000000000000
0000000000000000000000000000
0000000000000000000000000000
0000000000000000000000000000
