0000000000000000000000000000
0000000000000000000000000000
0000000000000000000000000000
0000000000000000000000000000
0000000000000000000000000000
0000000000000000000000000000
0000000000000000000000000000
0000000000000000000000000000
0000000000000100000000000000
0000000000000000000000000000
0000000000000100000000000000
0000000000000000000000000000
0000000000000100000000000000
0000000000000100000000000000
0000000000000000001000000000
0000000000010110100010000000
0000000000000100000010000000
0000000100000000000000000000
0000000000000100000010000000
0000000100101111010000000000
0000000000000000000010000000
0000000100000010000100000000
0000000000000010000000000000
0000000010101001010100000000
0000000000000000000000000000
0000000000000000000000000000
0000000000000000000000000000
0000000000000000000000000000
