0000000000000000000000000000
0000000000000000000000000000
0000000000000000000000000000
0000000000000000000000000000
0000000000000000000000000000
0000000000000000000000000000
0000000000000000000000000000
0000000000000000000000000000
0000000000000000000000000000
0000000000000000000000000000
0000000000000000000000000000
0000000000000000000000000000
0000000000001000000000000000
0000000000001000000000000000
0000000000001000000000000000
0000000000001000000000000000
0000010111111110000000000000
0000011100001001111110000000
0000010000000100000010000000
0000010000000100011111100000
0000010000111111100001000000
0000001111100100000001000000
0000001000000100000001000000
0000001000000100000001000000
0000001000000100000001000000
0000001110000100011111000000
0000000111111111110000000000
0000000100000000000000000000
