0000000000000000000000000000
0000000000000000000000000000
0000000000000000000000000000
0000000000000000000000000000
0000000000000000000000000000
0000000000000000000000000000
0000000000000000000000000000
0000000000001100000000000000
0000000000001100000000000000
0000000000001100000000000000
0000000000001100000000000000
0000000001111111110000000000
0000000011111111111000000000
0001100000001100011000000000
0001110111111111011000000000
0000111111111111011000000000
0000111000001100011000000000
0000011000001100011000000000
0000011100001100011000000000
0000001100011100011000000000
0000001111111110011000000000
0000000001111111011000000000
0000000000000000000000000000
0000000000000000000000000000
0000000000000000000000000000
0000000000000000000000000000
0000000000000000000000000000
0000000000000000000000000000
