0000000000000000000000000000
0000000000000000000000000000
0000000000000000000000000000
0000000000000000000000000000
0000000000000000000000000000
0000000000000000000000000000
0000000000001000000000000000
0000000000001000000000000000
0000000000001000000000000000
0000000000001000000000000000
0000111111111111111100000000
0000100000001000000100000000
0000100000001000000100000000
0000100000001000000100000000
0000100000011000000100000000
0000100011111111000100000000
0000100000010000000100000000
0000100000010000000100000000
0000100000010000000100000000
0000100000000000000100000000
0000111111111111111100000000
0000000000000000000000000000
0000000000000000000000000000
0000000000000000000000000000
0000000000000000000000000000
0000000000000000000000000000
0000000000000000000000000000
0000000000000000000000000000
