0000000000000000000000000000
0000000000000000000000000000
0000000000000110000000000000
0000000000001110000000000000
0000000000001110000000000000
0000000000000110000000000000
0000000000001110000000000000
0000000000001111000000000000
0000000000001110000000000000
0000100101111111111111000000
0001111111111111111111100000
0000111111111111111111100000
0001111100001110000011100000
0000111000001110000011100000
0000111000001110000001110000
0000111000001110000011100000
0000111000001111011111100000
0000111111111111111111110000
0000111111111111111111100000
0000111111111111000011100000
0000011000001110000011100000
0000111100001110000001110000
0000011000001110000011100000
0000011100001110000011100000
0000111111111111111111100000
0000011111111111111111100000
0000001111111111111110000000
0000000000000000000000000000
