0000000000000100000000000000
0000000000001110000000000000
0000000000001110000000000000
0000000000001110000000000000
0000000000001110000000000000
0000000000001111000000000000
0000000000000111000000000000
0000000000000111000000000000
0000000000000111000000000000
0000000000000111000001100000
0000011111111111111111110000
0000111111111111111111110000
0011111111111111111111110000
0111111000000111000001110000
0111100000000111000001110000
0011100000000111000001110000
0011100000000111000001110000
0011100000000111000001110000
0011111111111111111111110000
0001111111111111111111111000
0001111111111111111111111000
0001110000000011100001110000
0001110000000011100011110000
0001110000000011111111110000
0001110000001111111111110000
0001110011111111111111110000
0001111111111111111000110000
0000111011111111000000000000
