0000000000000000000000000000
0000000000000000000000000000
0000000000000000000000000000
0000000000000000000000000000
0000000000000000000000000000
0000000000001000000000000000
0000000000001000000000000000
0000000000001000000000000000
0000000000001000000000000000
0000000000001000000000000000
0000000000001000000000000000
0000001111111111111110000000
0000111000001000000010000000
0000100000001000000010000000
0000100000001000000010000000
0000100000001000000010000000
0000111111111000000010000000
0000100000001111111110000000
0000100000001000000110000000
0000100000001000000010000000
0000100000001000000010000000
0000000011111111110010000000
0000111110000000011100000000
0000000000000000000000000000
0000000000000000000000000000
0000000000000000000000000000
0000000000000000000000000000
0000000000000000000000000000
