0000000000000000000000000000
0000000000000000000000000000
0000000000100000000000000000
0000000000100000000000000000
0000000000100000000000000000
0000000000100000000000000000
0000000000100000000000000000
0000000000010000000000000000
0000000000010000000000000000
0000001111111111000000000000
0000011000010001110000000000
0000000000010000010000000000
0000010000010000001000000000
0000001000010000001000000000
0000001000010000000100000000
0000001000001000000100000000
0000001001111111000100000000
0000000100001000000100000000
0000000100001000000100000000
0000000100001000000100000000
0000000100000000000100000000
0000000111111111111100000000
0000000100000000000100000000
0000000100000000000100000000
0000000000000000000000000000
0000000000000000000000000000
0000000000000000000000000000
0000000000000000000000000000
