1111111111111111111111111111
1111111111111111111111111111
1111111111111111111111111111
1111111111111111111111111111
1111111111111111111111111111
1111111111111011111111111111
1111111111111101111111111111
1111111111111011111111111111
1111111001011101011111111111
1111111111111111111111111111
1111111101101011111111111111
1111111010101101101010111111
1111010111111111111111111111
1111111001111110101111111111
1111111101111011111111111111
1111101101011110111111111111
1111111011101110101111111111
1111111101111011111111111111
1111111010111001011110111111
1111111011110111110011111111
1111111110101010011011111111
1111111001101101101101111111
1111111111111111000101111111
1111111101010101111111111111
1111111111111111100111111111
1111111111111111111111111111
1111111111111111111111111111
1111111111111111111111111111
