0000000000000000000000000000
0000000000000000000000000000
0000000000000000000000000000
0000000000000000000000000000
0000000000000000000000000000
0000000000000000000000000000
0000000000000000000000000000
0000000000000001000000000000
0000000000000001000000000000
0000000000000001000000000000
0000000000000001000000000000
0000000011111111111111000000
0000000010000001000000100000
0000000010000001000000100000
0000000010000001000000100000
0000000010000001000000100000
0000000010000101001000100000
0000000010111011111110100000
0000000010000001000001000000
0000000010000001000001000000
0000000010000001000001000000
0000000010010001000011000000
0000000010111110111110000000
0000000000000000000000000000
0000000000000000000000000000
0000000000000000000000000000
0000000000000000000000000000
0000000000000000000000000000
