0000000000000000000000000000
0000000000000000000000000000
0000000000001000000000000000
0000000000001000000000000000
0000000000001000000000000000
0000000000001000000000000000
0000000000001000000000000000
0000000000001000000000000000
0000000000001000000000000000
0000000000001000000000000000
0000000000001000000000000000
0000010111111111111100000000
0000011000001000000100000000
0000010000001000000100000000
0000010000001000000100000000
0000010000001000000100000000
0000010000001000000100000000
0000010000001000000100000000
0000011111111111111100000000
0000010000001000000100000000
0000010000001000000100000000
0000010000001000000100000000
0000010000001000000100000000
0000010000001000000100000000
0000010000001000000100000000
0000000111111111111100000000
0000011000000000000100000000
0000000000000000000000000000
