0000000000000000000000000000
0000000000000000000000000000
0000000000000000100000000000
0000000000000000100000000000
0000000000000000100000000000
0000000000000000100000000000
0000000000000000100000000000
0000000010000000100000000000
0000000010000111111110000000
0000000011111000100001000000
0000000110000000100001000000
0000000010000000100001000000
0000000010000000100001000000
0000000010000000100001000000
0000000010000000100001100000
0000000010000000100000100000
0000000010000000100000100000
0000000010000000100000100000
0000000010011111111111100000
0000000010010000010000100000
0000000010000000010000100000
0000000010000000010000100000
0000000010000000010000100000
0000000010000000000000100000
0000000000000000001111100000
0000000000111111110000100000
0000000000000000000000000000
0000000000000000000000000000
