0000000000000000000000000000
0000000000000000000000000000
0000000000000000000000000000
0000000000000000000000000000
0000000000000000000000000000
0000000000000000000000000000
0000000000000000000000000000
0000000000001000000000000000
0000000000001100000000000000
0000000000010000000000000000
0000000000010000000000000000
0000000001010101010101000000
0000000011111011011010110000
0001110100100000000000010000
0001010011000000000000110000
0001000001000000000000010000
0001000011000000000000010000
0001111111111000000000110000
0001000010000111111111010000
0001000001000000000000110000
0001000011000000000000010000
0001110001000000000000110000
0000100011000000000000010000
0000100001000000000000110000
0000000011000000000000010000
0000000001000000000000010000
0000111111111111111111110000
0000000000000000000000010000
