0000000000000000000000000000
0000000000000000000000000000
0000000000000000000000000000
0000000000100000000000000000
0000000000110000000000000000
0000000000011000000000000000
0000000000001000000000000000
0000010000001000000000000000
0000011111111111110000000000
0000010000001000010000000000
0000010000001000010000000000
0000010000001000010000000000
0000010100011111110000000000
0000010111111000010000000000
0000110000001000010000000000
0000100000001000010000000000
0000100000001000010000000000
0000000000001000010000000000
0000000000000000010000000000
0000001111111110000000000000
0000000000000000000000000000
0000000000000000000000000000
0000000000000000000000000000
0000000000000000000000000000
0000000000000000000000000000
0000000000000000000000000000
0000000000000000000000000000
0000000000000000000000000000
