0000000000000000000000000000
0000000000000000000000000000
0000000000000000000000000000
0000000000010000000000000000
0000000000111000000000000000
0000000000111000000000000000
0000000000111000000000000000
0000000000111000000000000000
0000000000111000000000000000
0000000000111000000000000000
0000000000111000000000000000
0010001111111111111110000000
0111111111111111111111000000
0111111111111111111111000000
0011111100111000000111000000
0011100000111000000111000000
0011100011111111111111000000
0011111111111111111111000000
0011111111111111111110000000
0001111110111000001110000000
0001110000111000001110000000
0001110001111111111110000000
0000110011111111111110000000
0000000001111111111110000000
0000000000110000000000000000
0000000000000000000000000000
0000000000000000000000000000
0000000000000000000000000000
