0000000000000000000000000000
0000000000001100000000000000
0000000000011110000000000000
0000000000001110000000000000
0000000000001110000000000000
0000000000001110000000000000
0000000000001110000000000000
0000000000001110000000000000
0000000000001110000000000000
0000000000001110000000000000
0000000000001110000000000000
0000000000001110000000000000
0000100000001111000000000000
0001110000001111111111000000
0001110011111111111111100000
0001111111111111111111100000
0001111111111111000011100000
0001111110000111000011100000
0001110000000111000011100000
0001110000000111000011100000
0001110000000111111011100000
0001111111111111111111100000
0000111111111111111111100000
0000111111111111000011100000
0000111000000111000011100000
0000111111111111111011100000
0000111111111111111111100000
0000111111111111111111100000
