0000000000000000000000000000
0000000000000000000000000000
0000000000001000000000000000
0000000000001000000000000000
0000000000001000000000000000
0000000000001000000000000000
0000000000001000000000000000
0000000000001000000000000000
0000000000001000000000000000
0000000000001000000000000000
0000111111111111111100000000
0000110000001000000100000000
0000010000001000000100000000
0000010000001000000100000000
0000010000001000000100000000
0000010001111111000100000000
0000011111001001110100000000
0000010000001000000100000000
0000011000001000000100000000
0000001000001000000100000000
0000001000001000000100000000
0000001001111100000100000000
0000000111000111111100000000
0000000000000000000000000000
0000000000000000000000000000
0000000000000000000000000000
0000000000000000000000000000
0000000000000000000000000000
