0000000000000000000000000000
0000000000000000000000000000
0000000000000000000000000000
0000000000000000000000000000
0000000000010000000000000000
0000000000010000000000000000
0000000000010000000000000000
0000000000010000000000000000
0000000000010000111100000000
0000000001111111100100000000
0000100111010000000100000000
0000101000010000000100000000
0000100000010000000100000000
0000010000010000000100000000
0000010000010000000100000000
0000011000010111110100000000
0000001001111000000100000000
0000001000010000000100000000
0000001000011000000100000000
0000001000000000000100000000
0000001001111111111000000000
0000001111000000000000000000
0000000000000000000000000000
0000000000000000000000000000
0000000000000000000000000000
0000000000000000000000000000
0000000000000000000000000000
0000000000000000000000000000
