0000000000000000000000000000
0000000000000000000000000000
0000000000100000000000000000
0000000000100000000000000000
0000000000100000000000000000
0000000000100000000000000000
0000000000100000000000000000
0000011111111111100000000000
0000010000100000100000000000
0000010000100000100000000000
0000010000100000100000000000
0000011111110111100000000000
0000010000100000100000000000
0000010000100000100000000000
0000010000100000100000000000
0000010000100000100000000000
0000010001100000100000000000
0000010001000000100000000000
0000010001000000100000000000
0000111111111101100000000000
0000000000000111000000000000
0000000000000000000000000000
0000000000000000000000000000
0000000000000000000000000000
0000000000000000000000000000
0000000000000000000000000000
0000000000000000000000000000
0000000000000000000000000000
