0010010010001000100100100100
1001001001010010010010010010
0100100100001001001001001001
0010010010100100100100100100
0100100100101010010010010010
0010010010100001001001001001
1001001000110100100100100100
0010010010010010010010010010
0100100100110101001001001001
0010010011111010110100100100
1001001101010001100010010010
0100101010010100110100101001
0010001100110101100010000100
0100101011111010101001010010
0010010100010010101010001001
1001001101010101100001010100
0100100101011011101010000010
0010010111111101100100101001
0100100101000010110010010100
0010010010010100001001000010
1001001001000010100100101001
0100100100101001001010010100
0010010010010100100001000010
0100100100100010010100101001
0010010001001001000010010100
1001000100100100101001000010
0100101010010010010100101001
0010000001001001000010010100
