0000000000000000000000000000
0000000000000000000000000000
0000000000011000000000000000
0000000000011000000000000000
0000000000111100000000000000
0000000000011000000000000000
0000000000111100000000000000
0000000000011000000000000000
0000000000111100000000000000
0000000110111111111000000000
0001111111111111111110000000
0001111111111111111111000000
0011111000111000000111000000
0001110000111000000111000000
0001110000111000000111000000
0001110000111000000111000000
0001110000111000000111000000
0001110000111011100111000000
0001111111111111111111000000
0001111111111111110111000000
0001111111111010001110000000
0001110000111000000111000000
0001110000111000001110000000
0000110000111000000111000000
0001111111111111111110000000
0000111111111111111111000000
0000111111111111111110000000
0000001000000000000000000000
