0000000000000001000000000000
0000000000000001000000000000
0000000000000001000000000000
0000000000000001000000000000
0000000000000001000000000000
0000000000011111111000000000
0000000001100001000110000000
0000000010000001000001000000
0000000100000001000001100000
0000000100000001000000100000
0000001000000001000000010000
0000001000000001000000010000
0000001000000001000000010000
0000001000000001000000010000
0000001111111111111111110000
0000001000000001000000010000
0000001000000001000000010000
0000001000000001000000100000
0000000100000001000000100000
0000000100000001000000100000
0000000011000001000011000000
0000000001100001000110000000
0000000000011111111000000000
0000000000000000000000000000
0000000000000000000000000000
0000000000000000000000000000
0000000000000000000000000000
0000000000000000000000000000
