0000000000000000000000000000
0000000000000000000000000000
0000000000000000000000000000
0000000000000000000000000000
0000000000000000000000000000
0000000000000000000000000000
0000000000001000000000000000
0000000000001000000000000000
0000000000001000000000000000
0000000000001000000000000000
0000000000001000000000000000
0000011111111111111110000000
0000100000001000000010000000
0000110000001000000010000000
0000010000001000000010000000
0000010000001000000010000000
0000010000001000000010000000
0000001000001000000111111000
0000001111111111111010000000
0000001000001000000010000000
0000001000001000000010000000
0000001100001100000010000000
0000000101100100000010000000
0000000000111110000010000000
0000000000000011111000000000
0000000000000000000000000000
0000000000000000000000000000
0000000000000000000000000000
