0000000000000000000000000000
0000000000000000000000000000
0000000000000000000000000000
0000000000000000000000000000
0000000000000010000000000000
0000000000000010000000000000
0000000000000010000000000000
0000000000000010000000000000
0000000111111111111110000000
0000000100000010000010000000
0000000100000010000010000000
0000000100000010000010000000
0000000100111111110010000000
0000000100000110000010000000
0000000100000100000010000000
0000000100000100000010000000
0000000111111111100010000000
0000000000000000111111000000
0000000000000000000000000000
0000000000000000000000000000
0000000000000000000000000000
0000000000000000000000000000
0000000000000000000000000000
0000000000000000000000000000
0000000000000000000000000000
0000000000000000000000000000
0000000000000000000000000000
0000000000000000000000000000
