0000000000000000000000000000
0000000000000000000000000000
0000000000000000000000000000
0000000000000000000000000000
0000000000000000000000000000
0000000000000000000000000000
0000000000000100000000000000
0000000000000100000000000000
0000000000000100000000000000
0000000000000100000000000000
0000000010010101010100000000
0000000101101110101011000000
0000000100000100000001000000
0000000100000100000001000000
0000000100000100000001000000
0000000100000101010001000000
0000000100111110100001000000
0000000100000100000001000000
0000000010000100000001000000
0000000010000100000010000000
0000000010000100000010000000
0000000001101111111110000000
0000000000010000000000000000
0000000000000000000000000000
0000000000000000000000000000
0000000000000000000000000000
0000000000000000000000000000
0000000000000000000000000000
