0000000000000000000000000000
0000000000000000000000000000
0000000000000100000000000000
0000000000011100000000000000
0000000000001110000000000000
0000000000011100000000000000
0000000000001110000000000000
0000000000001110000000000000
0000000000001110000000000000
0000000000001110000000000000
0000000000001110000000000000
0000000000001110000000000000
0000000000001110101111110000
0011111111111111111111111000
0011111111111111111111111000
0001111111111111010000111000
0011100000001110000001110000
0001110000001110000101111000
0011100000000111111111110000
0001110111111111111111110000
0011111111111111111101110000
0001111111111111000001110000
0011110100000111000001110000
0001100000000111000011100000
0011110010010110101011110000
0001111111111111111111100000
0011111111111111111111100000
0001111011101101010100000000
