0000000000000000000000000000
0000000000000000000000000000
0000000000000100000000000000
0000000000000100000000000000
0000000000000100000000000000
0000000000000100000000000000
0000000000000100000000000000
0000000000000101111110000000
0000000000011110000010000000
0000000001110100000010000000
0000011110000100000010000000
0000011000000100000010000000
0000010000000100000010000000
0000010000000100000010000000
0000010000000100000010000000
0000001000000100110010000000
0000001000001111000010000000
0000001001110010000010000000
0000001001000010000010000000
0000001000000010000010000000
0000000100000010000010000000
0000000100000010111110000000
0000000100000111100000000000
0000000100111000000000000000
0000000001100000000000000000
0000000001000000000000000000
0000000000000000000000000000
0000000000000000000000000000
