0000000000000000000000000000
0000000000000000000000000000
0000000000000000000000000000
0000000000000000000000000000
0000000000000000000000000000
0000000000000100000000000000
0000000000000100000000000000
0000000000000100000000000000
0000000000000100000000000000
0000000000000100000000000000
0000000000000100000000000000
0011111111111111111100000000
0001000000000100000100000000
0001000000000100000100000000
0001000000000100000100000000
0000100000000100000100000000
0000100000000100000100000000
0000010000000100000100000000
0000010000001111111100000000
0000011111110100000100000000
0000011000000100000100000000
0000011000000100000100000000
0000010000000100000100000000
0000010000000100000100000000
0000010000000100000100000000
0000000111111111111100000000
0000000000000100000100000000
0000000000000100000100000000
