0000000000000000000000000000
0000000000000000000000000000
0000000000000000000000000000
0000000000000000000000000000
0000000000000000000000000000
0000000011100000000000000000
0000000011100000000000000000
0000000011100000000000000000
0111111111111111110000000000
0011111111111111100000000000
0111010111101011110000000000
0011000011100001100000000000
0111000011100001110000000000
0011000011100001100000000000
0111111111111111110000000000
0011111111111111100000000000
0111100111100101110000000000
0011000011100001100000000000
0111000011100001110000000000
0011000011100001100000000000
0111000011100011110000000000
0011111111111111100000000000
0111111111111111110000000000
0011101010010101100000000000
0111000000000001110000000000
0000000000000000000000000000
0000000000000000000000000000
0000000000000000000000000000
