0000000000000000000000000000
0000000000000000000000000000
0000000000000000000000000000
0000000000000110000000000000
0000000000000100000000000000
0000000000000110000000000000
0000000000000100000000000000
0000000000000110000000000000
0000000000000100000000000000
0000000100000110000000000000
0000000111111111110100000000
0000000101010110111110000000
0000000100000110000011000000
0000000100000100000001000000
0000000111011111010111100000
0000001101110111111110100000
0000000100001100000001100000
0000000100000110000001000000
0000000100000010000001100000
0000000100000110000011000000
0000000110000000010011000000
0000000111111111111110000000
0000000010101010000000000000
0000000000000000010000000000
0000000000000000000000000000
0000000000000000000000000000
0000000000000000000000000000
0000000000000000000000000000
