0000000000000000000000000000
0000000000000000000000000000
0000000000000000000000000000
0000000000000000000000000000
0000000000000000000000000000
0000000000000000000000000000
0000000000000000000000000000
0000000000000000000000000000
0000000000001000000000000000
0000000000001000000000000000
0000000000001000000000000000
0000000000001000000000000000
0000011111111111111100000000
0001000000001000000100000000
0001000000001000000100000000
0001000000001000000010000000
0001000000001000000010000000
0001011111111111110010000000
0000100000001000000010000000
0000100000001000000010000000
0000100000000000000010000000
0000111111111111111000000000
0000100000000000001111100000
0000000000000000000000000000
0000000000000000000000000000
0000000000000000000000000000
0000000000000000000000000000
0000000000000000000000000000
