0000000000000000000000000000
0000000000000000000000000000
0000000000010000000000000000
0000000000010000000000000000
0000000000010000000000000000
0000000000010000000000000000
0000000000010000000000000000
0000000000010000000000000000
0000001111111111110000000000
0000111000001000010000000000
0000100000001000010000000000
0000100000001000010000000000
0000100000001000010000000000
0000100000001000010000000000
0000100000001000010000000000
0000111111111111010000000000
0000100000001000010000000000
0000100000001000010000000000
0000100000001000010000000000
0000100000001000010000000000
0000100000001000010000000000
0000100000001000010000000000
0000100000001000011000000000
0000100111111111111000000000
0000011000000000011000000000
0000000000000000000000000000
0000000000000000000000000000
0000000000000000000000000000
