0000000000000001000000000000
0000000000000001000000000000
0000000000000001000000000000
0000000000000001000000000000
0000000000000001000000000000
0000000000000000100000000000
0000000000000000100000000000
0000001000000000101111100000
0000001111111111111000100000
0000001000000000100000100000
0000000100000000100000100000
0000000100000000100000100000
0000000100000000100000100000
0000000100000000100000100000
0000000100000000100000100000
0000000101111111111110100000
0000000100000000010000100000
0000000100000000010000100000
0000000100000000010000100000
0000000100000000010000100000
0000000010000000010000100000
0000000010000000010000000000
0000000011111111111111000000
0000000010000000000000000000
0000000000000000000000000000
0000000000000000000000000000
0000000000000000000000000000
0000000000000000000000000000
