0000000000000000000000000000
0000000000000000000000000000
0000000000000000000000000000
0000000000000000000000000000
0000000000000000000000000000
0000000000000010000000000000
0000000000000010000000000000
0000000000000010000000000000
0000000000000010000000000000
0000000000000010000000000000
0000000000000010000000000000
0000000000000010000000000000
0000011111111111111111100000
0000000000000010000000100000
0000011000000010000000100000
0000001000000010000000100000
0000001000000010000000100000
0000001000000010100010100000
0000010001111111111111000000
0000001000000010000001000000
0000001000000010000001000000
0000001000000010000001000000
0000001000000010000001000000
0000001000000000000010000000
0000000111111111111110000000
0000000000000000000000000000
0000000000000000000000000000
0000000000000000000000000000
