0000000000000000000000000000
0000000000000000000000000000
0000000000100000000000000000
0000000001110000000000000000
0000000001110000000000000000
0000000001110000000000000000
0000000001110000000000000000
0000011111111111110000000000
0000111111111111110000000000
0000111111111111110000000000
0000111001110001110000000000
0000111001110001110000000000
0000111001110001110000000000
0000111001110001110000000000
0000111001110001110000000000
0000111111111111110000000000
0000111111111111110000000000
0000111111111111110000000000
0000111000111001110000000000
0000111111111111110000000000
0000011111111111110000000000
0000011111111111000000000000
0000000000000000000000000000
0000000000000000000000000000
0000000000000000000000000000
0000000000000000000000000000
0000000000000000000000000000
0000000000000000000000000000
