0000000000000000000000000000
0000000000000000000000000000
0000000000000001000000000000
0000000000000001000000000000
0000000000000010000000000000
0000000000000010000000000000
0000000000000010000000000000
0000000000000010000000000000
0000001100000010000000000000
0000000111111010000000000000
0000000100001111000000000000
0000000100000011111100000000
0000000110000010000110000000
0000000010000010000010000000
0000000010111111111010000000
0000000010000010000110000000
0000000010000010000100000000
0000000010000010000100000000
0000000010001100000100000000
0000000011000111100100000000
0000000011000000111100000000
0000000011000000000000000000
0000000001000000000000000000
0000000000000000000000000000
0000000000000000000000000000
0000000000000000000000000000
0000000000000000000000000000
0000000000000000000000000000
