0000000000000000000000000000
0000000000000000000000000000
0000000000000000000000000000
0000000000000001000000000000
0000000000000001000000000000
0000000000000001000000000000
0000000000000001000000000000
0000000000000001000000000000
0000000000000001000000000000
0000111000000001000000000000
0000100111111111111111111000
0000010000000001000000001000
0000010000000001000000001000
0000010000000001000000001000
0000010000000010000000001000
0000010000000010000000001000
0000010000000010000000000100
0000011111111111111111100100
0000010000000010000000000100
0000010000000010000000000100
0000010000000010000000000100
0000010000000010000000001100
0000010000000010000000001100
0000011111111111111111111100
0000000000000110000000000000
0000000000000000000000000000
0000000000000000000000000000
0000000000000000000000000000
