0000000000000000000000000000
0000000000000000000000000000
0000000000000000000000000000
0000000000000000000000000000
0000000001000000000000000000
0000000001100000000000000000
0000000000100000000000000000
0000000000100000000000000000
0000000000010000000000000000
0000000000010000000000000000
0000000000010000000000000000
0000000000011111111110000000
0000000111110000000010000000
0000001100010000000110000000
0001110000010000000100000000
0000100000011000000100000000
0000110000001111000100000000
0000010011111100001100000000
0000011110001000001000000000
0000001000001000001000000000
0000001000001000001000000000
0000001100000111011000000000
0000000101111101010000000000
0000000000000001110000000000
0000000000000000000000000000
0000000000000000000000000000
0000000000000000000000000000
0000000000000000000000000000
