0000000000000000000000000000
0000000000000000000000000000
0000000000000000000000000000
0000000000000010000000000000
0000000000000010000000000000
0000000000000010000000000000
0000000000000010000000000000
0000000000000010000000000000
0000000000000010000000000000
0000001111111111111000000000
0000010000000010001000000000
0000010000000010001000000000
0000010000000010001000000000
0000010000000010001000000000
0000010000000110001000000000
0000010000000100001100000000
0000010011111111111100000000
0000010000000100001000000000
0000010000000100001000000000
0000010000000100001000000000
0000010000000100001000000000
0000010000001101001000000000
0000010000001000111000000000
0000001111111111011000000000
0000000000000000011000000000
0000000000000000000000000000
0000000000000000000000000000
0000000000000000000000000000
