0000000000000000000000000000
0000000000000000000000000000
0000000000000000011000000000
0000000000000000111000000000
0000000000000001110000000000
0000000000000011110000000000
0000000000000111110000000000
0000000011111111100000000000
0000000111111111111000000000
0000001111111111111100000000
0000011111111111111110000000
0000111111111111111111100000
0001111110111111111111111000
0011111101111111111111111100
0111111110001111111111111100
1111111111011111111111111111
0111111111111111111111111111
1111111111111111101111111111
1111111111111111111111111111
1111111111111111111111111111
1111111111111111111111111111
1111111011111111111111111111
1111100000111111110110001111
1111110000111111000000001111
1111110000011111000000001111
1111111100111110000000001111
1111111110011110000000011110
1111111111111100000001111100
