0000000000000000000000000000
0000000000000000000000000000
0000000000000000000000000000
0000000000000000000000000000
0000000000000100000000000000
0000000000000100000000000000
0000000000000010000000000000
0000000000000010000000000000
0000000000000010000000000000
0000000000000010000000000000
0000000000000111111110000000
0000000000111010000011000000
0000000111100010000001000000
0000000110000011000001000000
0000000100000001000001100000
0000000100000001001100100000
0000000100000011110000100000
0000000100111111000000100000
0000000100000001000000100000
0000000100000001000000100000
0000000100000001000000100000
0000000100111111111001100000
0000000100000000000111000000
0000000000000000000011000000
0000000000000000000000000000
0000000000000000000000000000
0000000000000000000000000000
0000000000000000000000000000
