0000000000000000000000000000
0000000000000000000000000000
0000000000000000000000000000
0000000000000000000000000000
0000000000000000000000000000
0000000000000000000000000000
0000000000000000100000000000
0000000000000000100000000000
0000000000000000100000000000
0000000000000000100000000000
0000000000000000100000000000
0000000011111111111111111000
0000000010000000100000001000
0000000010000000100000001000
0000000010000000100000001000
0000000010000000100000001000
0000000010000000100000001000
0000000011111111111111111000
0000000010000000100000001000
0000000010000000100000001000
0000000010000000100000001000
0000000010000000100000001000
0000000011111111111111111000
0000000000000000000000000000
0000000000000000000000000000
0000000000000000000000000000
0000000000000000000000000000
0000000000000000000000000000
