0000000000000000000000000000
0000000000000000000000000000
0000000000000000000000000000
0000000000000000000000000000
0000000000000000000000000000
0000000000000010000000000000
0000000000000010000000000000
0000000000000010000000000000
0000000000000010000000000000
0001000000000010000000000000
0001000000000010000000000000
0001000111111111111111110000
0001001000000010000000010000
0001001000000010000000010000
0001001000000010000000010000
0001100000000010000000010000
0000010000000010000000100000
0000001000000010000000100000
0000001000000111111111100000
0000001000111010000000100000
0000000101000010000001000000
0000000101000010000001000000
0000000011000010000011000000
0000000010000010000101000000
0000000001001111111101000000
0000000000101010000001000000
0000000000100010000000000000
0000000000100010000000000000
