0000000000000000000000000000
0000000000000000000000000000
0000000000001000000000000000
0000000000011100000000000000
0000000000011100000000000000
0000000000011100000000000000
0000000000111100000000000000
0000000000111100000000000000
0000000000111000000000000000
0000000000111000000000000000
0001111111111111111111000000
0011111111111111111111100000
0011111111111111111111100000
0011100000111000000011100000
0011100000111000000011100000
0011100000111000000011100000
0011100000111000000011100000
0011100111111111111011100000
0011101111111111111111100000
0011100111111111111111100000
0011100000111100000011100000
0011110000011100000011100000
0011110000011100000001100000
0011111111111100000000000000
0111111111111111111110000000
0011111111111111111111000000
0000000000000111111111000000
0000000000000000000000000000
