0000000000000000000000000000
0000000000000000000000000000
0000000000000000000000000000
0000000000000000000000000000
0000000000000000000000000000
0000000000000001000000000000
0000000000000001000000000000
0000000000000001000000000000
0000000000000001000000000000
0000000000111111111110000000
0000000000100001000010000000
0000000000100001000010000000
0000000000100001000010000000
0000000000100001000010000000
0000000000111111111110000000
0000000000100001000010000000
0000000000100001000110000000
0000000000100001000100000000
0000000000100000001110000000
0000000000111111111000000000
0000000000000000000000000000
0000000000000000000000000000
0000000000000000000000000000
0000000000000000000000000000
0000000000000000000000000000
0000000000000000000000000000
0000000000000000000000000000
0000000000000000000000000000
