0000000000000000000000000000
0000000000000000000000000000
0000000000000000000000000000
0000000000000000000000000000
0000000000010000000000000000
0000000000010000000000000000
0000000000010000000000000000
0000000000010000000000000000
0000000000111111110000000000
0000011111010000010000000000
0000010000010000010000000000
0000010000010000010000000000
0000010000010000010000000000
0000010000010000011000000000
0000010000010001111000000000
0000011111111111101000000000
0000010100010000001000000000
0000010000010000001000000000
0000010000010000001000000000
0000010000110000001000000000
0000010000100000001000000000
0000010000110000001000000000
0000010000110000001000000000
0000010001111111101000000000
0000001111000000111000000000
0000000000000000000000000000
0000000000000000000000000000
0000000000000000000000000000
