0000000000000000000000000000
0000000000000000000000000000
0000000000000000000000000000
0000000000001000000000000000
0000000000011100000000000000
0000000000011100000000000000
0000000000011100000000000000
0000000000011100000000000000
0000000000011100000000000000
0000000000011100000000000000
0000111111111111111111000000
0001111111111111111111100000
0011111111111111111111100000
0111000000011100000011100000
0111000000011100000011100000
0111000000011100000011100000
0111000000011100000011100000
0111000000011111100011100000
0111100111111111110011100000
0011101111111111110011100000
0011101111111100000011100000
0011100000111100000011100000
0011100000111100000011100000
0011100000111000000011100000
0011100000111000000111100000
0011100111111111111111100000
0011111111111111111111100000
0011110111111111111110000000
