0000000000000000000000000000
0000000000000110000000000000
0000000000000110000000000000
0000000000000110000000000000
0000000000000110000000000000
0000000000000110000000000000
0000000000000110000000000000
0000001011111111111111000000
0000111111111111111111100000
0000110100000110000001110000
0000110000000110000000110000
0000110000000110000000110000
0000110000000110000000110000
0000110000010110010010110000
0000111111111111111111110000
0000111111111111011101100000
0000110000000110000000110000
0000110000000110000000100000
0000110000000110000000110000
0001110000000110000000100000
0000110000000110000000100000
0000111111111111111111100000
0000110010010000000001100000
0000000000000000000000000000
0000000000000000000000000000
0000000000000000000000000000
0000000000000000000000000000
0000000000000000000000000000
