0000000000000000000000000000
0000000000000000000000000000
0000000000000000000000000000
0000000000000000000000000000
0000000000000100000000000000
0000000000000100000000000000
0000000000000100000000000000
0000000000000100000000000000
0000000000000100000000000000
0000001000000100000000000000
0000011111111111111110000000
0000010000000100000010000000
0000010000000100000010000000
0000010000000100001010000000
0000010000001111110010000000
0000010000110100000010000000
0000010011000110000001000000
0000011000000010000001000000
0000001000000010000001000000
0000001000000010000001000000
0000001000011111111111000000
0000001111100000000000000000
0000000000000000000000000000
0000000000000000000000000000
0000000000000000000000000000
0000000000000000000000000000
0000000000000000000000000000
0000000000000000000000000000
