0000000000000000000000000000
0000000000000000000000000000
0000000000000100000000000000
0000000000000100000000000000
0000000000000100000000000000
0000000000000100000000000000
0000000000000111111111100000
0000000001111100000000100000
0000001110000100000000100000
0000001000000100000000100000
0000001000000100000000100000
0000001000000100000000100000
0000001000000100000000100000
0000001000000100000000100000
0000001011111111111100100000
0000001000000100000000100000
0000001000000100000000100000
0000000100000100000000100000
0000000100000100000000100000
0000000100000000000000100000
0000001111111111111111100000
0000000000000000000000100000
0000000000000000000000000000
0000000000000000000000000000
0000000000000000000000000000
0000000000000000000000000000
0000000000000000000000000000
0000000000000000000000000000
