0000000000000000000000000000
0000000000000000000000000000
0000000000000000000000000000
0000000000000110000000000000
0000000000000110000000000000
0000000000000110000000000000
0000000000000110000000000000
0000000000000110000000000000
0000000000000110000000000000
0000111111111111111111100000
0000111111111111111111110000
0000110000000110000000110000
0000110000000110000000110000
0000110000000110000000110000
0000110000000110000000110000
0000111111111111111111110000
0000111111111111111111110000
0000110000000110000000110000
0000110000000110000000110000
0000110000000110000000110000
0000110000000110000000110000
0000110000000110000000110000
0000111111111111111111110000
0001111111111111111111110000
0000000000000000000000000000
0000000000000000000000000000
0000000000000000000000000000
0000000000000000000000000000
