0000000000000000000000000000
0000000000000000000000000000
0000000000001000000000000000
0000000000001000000000000000
0000000000001000000000000000
0000000000001000000000000000
0000000000001000000000000000
0000000000001000000000000000
0000000000001000000000000000
0000000000001000000000000000
0000000000001000000000000000
0000010000001000000000000000
0000010000001000000000000000
0000011111111111111111000000
0000010000001000000001000000
0000010000001000000001000000
0000010000001000000001000000
0000010000001000000001000000
0000010000001000000001000000
0000011111111111111111000000
0000010000001000000001000000
0000010000001000000001000000
0000010000001000000001000000
0000010000001000000001000000
0000010000001000000001000000
0000010000001000000001000000
0000010000001000000001000000
0000001111111111111111110000
