0000000000000000000000000000
0000000000010000000000000000
0000000000010000000000000000
0000000000010000000000000000
0000000000010000000000000000
0000000000010000000000000000
0000000000010000000000000000
0000000000010000000000000000
0000000111111111110000000000
0000001100010000011000000000
0000001000010000001000000000
0000001000010000001000000000
0000001000010000001000000000
0000001000010000001000000000
0000001000010000001000000000
0000001111111111111000000000
0000001000010000001000000000
0000001000010000001000000000
0000001000010000001000000000
0000001000010000011100000000
0000001000111111110000000000
0000001111100000000000000000
0000001100000000000000000000
0000000000000000000000000000
0000000000000000000000000000
0000000000000000000000000000
0000000000000000000000000000
0000000000000000000000000000
