0000000000000000000000000000
0000000000000000000000000000
0000000000000000000000000000
0000000000000000000000000000
0000000000000000000000000000
0000000000000000000000000000
0000000000000000000000000000
0000000000000000000000000000
0000000000000000000000000000
0000000000001110000000000000
0000000000001110000000000000
0000111000001110000000000000
0000111000001110000000000000
0001111000001110000000000000
0001111000001110000000000000
0001111111111111111111111000
0001111111111111111111111000
0001111111111111111111111000
0001111000001110000000111000
0001111111111111111000111000
0001111111111111111000111000
0001110111111111111000111000
0001110000001110000000111000
0001110000001110000011111000
0011111111100000000011111000
0011111111111110000011111000
0011111111111111111111111110
0000000001111111111111111110
