0000000000000000000000000000
0000000000000000000000000000
0000000000000000000000000000
0000000000000000000000000000
0000000000000000000000000000
0000000000000000000000000000
0000000000000000000000000000
0000000000000000000000000000
0000000000000000000000000000
0000000000000000000000000000
0000000000000001000000000000
0000000000000011111111111100
0000000000000111111111111110
0000000000001111111111111110
0000000000001110001110001110
0000000000001110001110001110
0000000000001111111110001110
0000000000001111111111111110
0000000000001111111111111110
0000000000000111001111111100
0000000000000111001111011100
0000000000000111111111111100
0000000000000111111111111100
0000000000000011111111111000
0000000000000000000111000000
0000000000000000000111000000
0000000000000000000111000000
0000000000000000000111000000
