0000000000000000000000000000
0000000000000000000000000000
0000000000000000000000000000
0000000000000000000000000000
0000000000000000000000000000
0000000000000000000000000000
0000000000000101000000000000
0000000011111110111100000000
0000000000000010000100000000
0000000010000100000010000000
0000000100000100000010000000
0000000100000100000010000000
0000000101111111100100000000
0000000100000100010100000000
0000000100000100001000000000
0000000100001000001000000000
0000000001111111010000000000
0000000000001000100000000000
0000000000001000000000000000
0000000000001000000000000000
0000000000001000000000000000
0000000000001000000000000000
0000000000001000000000000000
0000000000001000000000000000
0000000000001000000000000000
0000000000001000000000000000
0000000000000000000000000000
0000000000000000000000000000
