0010010010010001000100100100
1001001001001010010010010010
0100100100100100101001001001
0010010010010010000100100100
1001000100100100111101001001
0010010010111111001100010010
0100101001000000101001001001
0010001010011010011010100100
1001010100101010101000010010
0100100101011111110101001001
0010010110101000010100100100
1001001100011010111010010101
0100100110101101011001010000
0010010110111010100010001010
1001001001001100010100100101
0100100100101001001001010010
0010010010011010100100001000
0101001001001000010010100101
0000100100101011001001010010
1010010010011000100100001001
0101001001001101010010101010
0000101010101010001001000100
1010100000010100100100101001
0010010101001001010010010010
1001001010100100001001001000
0100100001001001010100100101
0010010100100101000010010010
1001001010010000101001001001
