0000000000000000000000000000
0000000000000000000000000000
0000000000000000000000000000
0000000000000000000000000000
0000001111111111000000000000
0000001000100001000000000000
0000001000100001000000000000
0000001000100001000000000000
0000001000100001000000000000
0000001111111111000000000000
0000001000100001000000000000
0000001000100001000000000000
0000001000100001000000000000
0000001000111111000000000000
0000001111110000000000000000
0000001000100000000000000000
0000000000100000000000000000
0000000000100000000000000000
0000000000100000000000000000
0000000000100000000000000000
0000000000100000000000000000
0000000000100000000000000000
0000000000100000000000000000
0000000000100000000000000000
0000000000100000000000000000
0000000000000000000000000000
0000000000000000000000000000
0000000000000000000000000000
