0000000000000000000000000000
0101010101010101010101010101
0000000000000000000000000000
0100101010101010101010101010
0001000000000000000000000000
0100001001010111110101010100
0000100000011010010000000001
0100001010100000010100100100
0001001110000101010001000000
0000000001010110010100010101
0101010011101000110000000000
0000000001000110010010101000
0010010001010111110000000010
0000000101100101100101001000
0101000000000100010000000010
0000010010010100001001010000
0010000000000101000100001010
0000010100100100010001000000
0100000000000101000100010010
0001001001001110000001000000
0000000000000010010100001010
0100100100100000000000100000
0000000000001010100100000100
0010010101000000000001010000
0000000000010001001000000010
0100100001000100000010001000
0000001000000000100000100000
0010000010010010001000000100
