0000000000000000000000000000
0000000000000000000000000000
0000000000000111111110000000
0000000000111111111110000000
0000000111111111111111000000
0001011111111000001110000000
0011111111111001011110000000
0011111000111111111110000000
0011110000111111111100000000
0001110011111111111100000000
0001111111111100111000000000
0000111111111101111000000000
0000111110001111110000000000
0000011100011111110000000000
0000011100001111100000000000
0000001111111111100000000000
0000001111111111000000000000
0000001111111111000000000000
0000001111001110000000000000
0000000100000111000000000000
0000000000001110000000000000
0000000000000111000000000000
0000000000001110000000000000
0000000000000111000000000000
0000000000000111000000000000
0000000000001110000000000000
0000000000000111000000000000
0000000000000100000000000000
