0000000000000000000000000000
0000000000000000000000000000
0000001111111110000000000000
0000011000000001111000000000
0000000111100000001100000000
0000011000010000000110000000
0000110000010000000011000000
0001100000010000000001100000
0001000000010000000000100000
0001000000011000000000100000
0001000000001000000000100000
0001000000001000000000100000
0001111111111111111110100000
0001000000001000000001000000
0001100000001000000001000000
0000100000001100000001000000
0000010000000100000011000000
0000001100000100000110000000
0000000111000100001100000000
0000000001111111110000000000
0000000000000100000000000000
0000000000000100000000000000
0000000000000100000000000000
0000000000000100000000000000
0000000000000100000000000000
0000000000000100000000000000
0000000000000100000000000000
0000000000000100000000000000
