0000000000000000000000000000
0000000111111111100000000000
0000001111111111111111000000
0000011111111111111111110000
0000111111111111111111110000
0000111100011110011111110000
0000111100011110000011110000
0000111100011111000011110000
0000111100001111000011110000
0000111111111111111111110000
0000111111111111111111110000
0000111111111111111111110000
0000111111111111111111110000
0000111110001111000011110000
0000111100001111000011110000
0000111100001111000011110000
0000111100001111000011110000
0000111100111111111111110000
0000111111111111111111110000
0000111111111111111111100000
0001111111111111111111100000
0000111111101111000000000000
0000000000001111000000000000
0000000000001111000000000000
0000000000001111000000000000
0000000000001111000000000000
0000000000001111000000000000
0000000000001111000000000000
