0000000000000000000000000000
0000000000000000000000000000
0000000000000000000000000000
0000000000000000000000000000
0000000000000000000000000000
0000000010101010110000000000
0000000010101010101100000000
0000000010000100000100000000
0000000010000100000100000000
0000000010000100000100000000
0000000001111111110100000000
0000000001000010001000000000
0000000001000100001000000000
0000000000000010001000000000
0000000010101110101000000000
0000000001010110101000000000
0000000000000010000000000000
0000000000000100000000000000
0000000000000010000000000000
0000000000000100000000000000
0000000000000010000000000000
0000000000000100000000000000
0000000000000010000000000000
0000000000000100000000000000
0000000000000000000000000000
0000000000000000000000000000
0000000000000000000000000000
0000000000000000000000000000
