0000000000000000000000000000
0000000000000000000000000000
0000001111100000000000000000
0000000000111111100000000000
0000000000000100111110000000
0000000000000100000010000000
0000001000000100000010000000
0000001000000100000010000000
0000001111000100000010000000
0000000101111111111010000000
0000000100000100000010000000
0000000100000100000010000000
0000000100000100000110000000
0000000000000100000100000000
0000000000000100001100000000
0000000000000111111000000000
0000000001111100010000000000
0000000000000100000000000000
0000000000000100000000000000
0000000000000100000000000000
0000000000000100000000000000
0000000000000100000000000000
0000000000000100000000000000
0000000000000100000000000000
0000000000000100000000000000
0000000000000100000000000000
0000000000001100000000000000
0000000000001100000000000000
