0000000000000000000000000000
0000000000000000000000000000
0000000000000000000000000000
0000100000000000000000000000
0000100000000000000000000000
0000010111111111100000000000
0000010100000100100000000000
0000010000000100100000000000
0000010000000100100000000000
0000001000000101100000000000
0000001011111101000000000000
0000001000000111000000000000
0000001100000101000000000000
0000000111111111000000000000
0000000000000100000000000000
0000000000000100000000000000
0000000000000100000000000000
0000000000000100000000000000
0000000000000100000000000000
0000000000000100000000000000
0000000000000100000000000000
0000000000000100000000000000
0000000000000100000000000000
0000000000000100000000000000
0000000000000100000000000000
0000000000000100000000000000
0000000000000100000000000000
0000000000000100000000000000
