0000000000000001000010000100
0101010101010100010100101001
0000100010001001000010000100
0101001001010010010100101001
0010000100000100100010000100
0100101001010001001001010010
0001000010001010111110001000
0100010100111010100110100101
0010001001000010010110010000
0100100110010111000110001010
0010010111000010101010100001
0100100000110111011110010100
0001001010101101000010001001
0100010000111010101011010010
0010001010100011001110001000
0100100001010001111110100101
0010010101101111000001001000
0100100000010001010100100101
0001001010100101000010010000
0100010010010011010100001010
0010001000100101001001010001
0100100010001001100010001010
0010010100100100101000100000
0001000010010010100101001010
1000101000100001010000100100
0101000101001010001010010010
0000010000010001010001001000
0101001010100100001010010010
