0000000000000000000000000000
0000000000000000000000000000
0000000000000000000000000000
0000000000000000000000000000
0000000011111111110000000000
0000000110001000011000000000
0000000100001000001000000000
0000000100001000001000000000
0000000111111111111000000000
0000000110001100001000000000
0000000100000100001000000000
0000000100000100001000000000
0000000100000100001000000000
0000000111111111111000000000
0000000110000100000000000000
0000000000000100000000000000
0000000000000100000000000000
0000000000000100000000000000
0000000000000100000000000000
0000000000000100000000000000
0000000000000100000000000000
0000000000000100000000000000
0000000000000100000000000000
0000000000000100000000000000
0000000000000100000000000000
0000000000000000000000000000
0000000000000000000000000000
0000000000000000000000000000
