0000000000000000000000000000
0000000000000000000000000000
0000000000000000000000000000
0000000000000000000000000000
0000000000000000000000000000
0000001000111111100000000000
0000001111100000100000000000
0000001100100000110000000000
0000001000100000010000000000
0000001000100000010000000000
0000001011111100010000000000
0000001000010000010000000000
0000001000010001100000000000
0000001011111111100000000000
0000011110010000000000000000
0000000000010000000000000000
0000000000010000000000000000
0000000000010000000000000000
0000000000010000000000000000
0000000000010000000000000000
0000000000010000000000000000
0000000000010000000000000000
0000000000010000000000000000
0000000000000000000000000000
0000000000000000000000000000
0000000000000000000000000000
0000000000000000000000000000
0000000000000000000000000000
