0000001111111111111111111111
0000011111111111111111111111
0000111111111111111111111111
0000111111100011110000001111
0001111000000011110000001111
0001111100000011110000001111
0000111100000011110000001111
0000111100000011110000001111
0000111111111111111111111111
0000111111111111111111111111
0000111111111111111111111111
0000111111111111111111111111
0000111100000011110000001111
0000111100000011110000001111
0000111100000011110000001111
0000111100000011110000001111
0000111111111111111111111111
0000111111111111111111111111
0001111111111111111111111110
0000111111111111111111111110
0000000000000011110000000000
0000000000000011110000000000
0000000000000011110000000000
0000000000000011110000000000
0000000000000011110000000000
0000000000000011110000000000
0000000000000011110000000000
0000000000000011110000000000
