1111111111111111111111111111
1111111111111111111111111111
1111111111111111111111111111
1110000000001110000000000011
1110000000001110000000000011
1110000000001110000000000011
1110000000001110000000000011
1110000000001110000000000011
1100000000001110000000000011
1100000000001110000000000011
1100000000001110000000000011
1111111111111111111111111111
1111111111111111111111111111
1111111111111111111111111111
1100000000001110000000000111
1100000000001110000000000111
1100000000001110000000000111
1100000000001110000000000111
1100000000001110000000000111
1100000000001110000000000111
1111111111111111111111111111
1111111111111111111111111111
1111111111111111111111111110
0000000000001110000000000000
0000000000001110000000000000
0000000000001110000000000000
0000000000001110000000000000
0000000000001110000000000000
