0000000000000000000000000000
0000000000000000000000000000
0000000000000000000000000000
0000000000000000000000000000
0000000000000000000000000000
0000000011111111000000000000
0000000010000000111100000000
0000000010000010000100000000
0000000010000010000100000000
0000000010000010000100000000
0000000010000010000100000000
0000000011111111111100000000
0000000010000010000100000000
0000000010000010000100000000
0000000000000010000100000000
0000000001111111111100000000
0000000000000110000000000000
0000000000000100000000000000
0000000000000100000000000000
0000000000000100000000000000
0000000000000100000000000000
0000000000000100000000000000
0000000000000100000000000000
0000000000000100000000000000
0000000000000100000000000000
0000000000000000000000000000
0000000000000000000000000000
0000000000000000000000000000
