0000000000000000000000000000
0000000000000000000000000000
0000000000000000000000000000
0000000000000000000000000000
0000000000000000000000000000
0000000011111111111110000000
0000000010000001000010000000
0000000010000001000010000000
0000000010000001000001000000
0000000010000001000001000000
0000000010000001000011000000
0000000010011111111010000000
0000000010100001000010000000
0000000010000000100110000000
0000000010000000100100000000
0000000010000000101100000000
0000000010011111110000000000
0000000001110000100000000000
0000000001000000100000000000
0000000000000000100000000000
0000000000000000100000000000
0000000000000000100000000000
0000000000000000100000000000
0000000000000000100000000000
0000000000000000100000000000
0000000000000000000000000000
0000000000000000000000000000
0000000000000000000000000000
