0000000000000000000000000000
0000000000000000000000000000
0000000000000000000000000000
0000000111111111111100000000
0000000100000001000111100000
0000000100000001000000100000
0000000100000001000000100000
0000000110000001000000100000
0000000010000000100000100000
0000000010000000100000100000
0000000010000000100000100000
0000000011111111111111100000
0000000010000000100000100000
0000000010000000100001000000
0000000010000000100001000000
0000000010000000100001000000
0000000010000000100001000000
0000000011111111111111000000
0000000000000000100000000000
0000000000000000100000000000
0000000000000000100000000000
0000000000000000100000000000
0000000000000000100000000000
0000000000000000100000000000
0000000000000000100000000000
0000000000000000100000000000
0000000000000000100000000000
0000000000000000100000000000
