0000000000000000000000000000
0000000000000000000000000000
0000000000000000000000000000
0000000000000000000000000000
0000000000000000000000000000
0000000100010111111101000000
0000000111101000000011000000
0000000100000010000000000000
0000000100000010000010000000
0000000100000100000010000000
0000000101111111100110000000
0000000100000100010100000000
0000000100000100000100000000
0000000100000100001000000000
0000000010000100011000000000
0000000001011111110000000000
0000000000100100000000000000
0000000000000100000000000000
0000000000000100000000000000
0000000000000100000000000000
0000000000001100000000000000
0000000000000100000000000000
0000000000000100000000000000
0000000000000100000000000000
0000000000000100000000000000
0000000000000100000000000000
0000000000000100000000000000
0000000000000000000000000000
