0000000000000000000000000000
0000000000000000000000000000
0000000000000000000000000000
0000000000000000000000000000
0000000000000000000000000000
0000001111000000000000000000
0000000001111111111100000000
0000010000001000000100000000
0000010000001000000100000000
0000001000001000000100000000
0000001000001000000100000000
0000001000001000000100000000
0000001000001001110100000000
0000001111111111000100000000
0000001000001000000100000000
0000001000001000000100000000
0000001000001000000110000000
0000001100001000000110000000
0000000011111111111110000000
0000000000001000000010000000
0000000000001000000000000000
0000000000001000000000000000
0000000000001000000000000000
0000000000001000000000000000
0000000000001000000000000000
0000000000001100000000000000
0000000000001100000000000000
0000000000000100000000000000
