0000000000000000000000000000
0000001000000000000000000000
0000001000000000000000000000
0000001000000011111111100000
0000001001111100000000110000
0000001110000100000000001000
0000001000000100000000001000
0000001000000100000000001000
0000001000000100000000001000
0000001000000100000000001000
0000001000000100000000001000
0000001000000100000000001000
0000001000000100000000001000
0000001011111111111110001000
0000001000000100000000001000
0000001000000100000000001000
0000001000000100000000001000
0000111000000100000000001000
0000001111111110000000001000
0000001000000111111111100000
0000000000000010000000000000
0000000000000010000000000000
0000000000000010000000000000
0000000000000010000000000000
0000000000000010000000000000
0000000000000010000000000000
0000000000000010000000000000
0000000000000000000000000000
