0000000000000000000000000000
0000000000000000000000000000
0000000000000000000000000000
0000000000000000000000000000
0000011111111111110000000000
0000010000001000010000000000
0000010000001000010000000000
0000010000001000010000000000
0000010000001000010000000000
0000010000001000010000000000
0000010000001000010000000000
0000010000001000001000000000
0000011111111111111000000000
0000011000001000001000000000
0000010000001000001000000000
0000010000001000001000000000
0000010000001000001000000000
0000010000001001111000000000
0000000111111111001000000000
0000000000001000000000000000
0000000000001000000000000000
0000000000001000000000000000
0000000000001000000000000000
0000000000001000000000000000
0000000000001000000000000000
0000000000001000000000000000
0000000000001000000000000000
0000000000001000000000000000
