0000000000000000000000000000
0000000000000000000000000000
0000000000000000000000000000
0000000000000000000000000000
0000011111111111110000000000
0000010000001000011100000000
0000010000001000000100000000
0000010000001000000100000000
0000010000001100000100000000
0000011111111111110100000000
0000010000000100011100000000
0000010000000100000100000000
0000010000000100000100000000
0000010000000100001100000000
0000011111111111111100000000
0000000000001000000000000000
0000000000001000000000000000
0000000000001000000000000000
0000000000001000000000000000
0000000000001000000000000000
0000000000001000000000000000
0000000000001000000000000000
0000000000001000000000000000
0000000000001000000000000000
0000000000000000000000000000
0000000000000000000000000000
0000000000000000000000000000
0000000000000000000000000000
