0000000000000000000000000000
0000000000000000000000000000
0000000000000000000000000000
0000001111111111000000000000
0000100000000001000000000000
0000100000011001000000000000
0000100000010001000000000000
0000100000010001000000000000
0000100000010001000000000000
0000100111111111111100000000
0000100000010001100000000000
0000100000010000011000000000
0000111111111111110000000000
0000110000010000000000000000
0000000000010000000000000000
0000000000010000000000000000
0000000000010000000000000000
0000000000010000000000000000
0000000000010000000000000000
0000000000001000000000000000
0000000000001000000000000000
0000000000001000000000000000
0000000000001000000000000000
0000000000001000000000000000
0000000000001000000000000000
0000000000001100000000000000
0000000000000100000000000000
0000000000000100000000000000
