0000000000000000000000000000
0000000000000000000000000000
0000000000000000000000000000
0000111100000000000000000000
0000100111111111000000000000
0000100000000001000000000000
0000100001000001000000000000
0000100001000001000000000000
0000100001000001000000000000
0000111111111101000000000000
0000100001000001000000000000
0000100001000001000000000000
0000100001000001000000000000
0000111111111111110000000000
0000000001000000100000000000
0000000001000000000000000000
0000000001000000000000000000
0000000001000000000000000000
0000000001000000000000000000
0000000001000000000000000000
0000000001000000000000000000
0000000001000000000000000000
0000000000000000000000000000
0000000000000000000000000000
0000000000000000000000000000
0000000000000000000000000000
0000000000000000000000000000
0000000000000000000000000000
