0000000000000000000000000000
0000000000000000000000000000
0000000000000000000000000000
0000100000000011111111100000
0001110011111111111111100000
0001111111111111111111110000
0001111111111110000001110000
0001111100001110000001110000
0000111000001110000001110000
0000111100101111111001110000
0000011111111111111101100000
0000011111111111111011100000
0000011111101111000011100000
0000001100001110000011100000
0000001110001111010111100000
0000000111111111111111000000
0000000111111111111111000000
0000000010110111011010000000
0000000000000111000000000000
0000000000000111000000000000
0000000000000111000000000000
0000000000000111000000000000
0000000000000111000000000000
0000000000000111000000000000
0000000000000111000000000000
0000000000000111000000000000
0000000000000111000000000000
0000000000000111000000000000
