0000000000000000000000000000
0000000000000000000000000000
0001111100000000000000000000
0000100011111000000000000000
0000100000001000000000000000
0000100001001000000000000000
0000100001001000000000000000
0000100001001000000000000000
0000101111111000000000000000
0000100001011000000000000000
0000100001001000000000000000
0000000001001000000000000000
0000111101001000000000000000
0000000011111000000000000000
0000000001001000000000000000
0000000001000000000000000000
0000000001000000000000000000
0000000001000000000000000000
0000000001000000000000000000
0000000001000000000000000000
0000000001000000000000000000
0000000001000000000000000000
0000000001000000000000000000
0000000001000000000000000000
0000000001000000000000000000
0000000001000000000000000000
0000000001000000000000000000
0000000001000000000000000000
