0000000000000000000000000000
0000000000000000000000000000
0000000000001000000000000000
0000000000000000000000000000
0000000000100000000000000000
0000000000000000100000000000
0000000000000000000000000000
0000010001001000000000000000
0000000000000000000000000000
0000010000100000000000000000
0000000010000000000000000000
0000000000010000000000000000
0000000000100000000000000000
0000000000000000000000000000
0000000010000000000000000000
0000000000000000000000000000
0000000000000000000000000000
0000000000000000000000000000
0000000000000000000000000000
0000000000000000000000000000
0000000000010000000000000000
0000000000000000000000000000
0000000000000000000000000000
0000000000000000000000000000
0000000000000000000000000000
0000000000000000000000000000
0000000000000000000000000000
0000000000000000000000000000
