0000000000000000000000000000
0101010101010101010101010100
0000000000000000000000000001
0100100100100100100100100100
0000000000000000000000000000
0101010101010101010101010010
0000000000001011010100000000
0100100100100100001100010100
0000010010000110101001000000
0101000001010010001000001001
0000001000101111101010000000
0100100010100010011000101010
0000001000000010010000000000
0101000001010011011010100010
0000010010101011000000001000
0100100000000001001010000000
0000001001010101000000100100
0101000000000010010010000001
0000010100100011000100010100
0101000001001001010000000000
0000010010000011000010100100
0101000000100001001000000001
0000010100001000100001010100
0100000001000100000100000000
0010101000100001010000100010
0000000010001000000100001000
0101010000100010100001000001
0000001010001000001000010100
