0000000000000000000000000000
0000000000000000000000000000
0000000000000000000000000000
0000000000000000000000000000
0000000000000000000000000000
0000001111111111000000000000
0000001000001001110000000000
0000001000001000010000000000
0000001000001000010000000000
0000001000001000010000000000
0000001000011000010000000000
0000001001111111110000000000
0000001111010000010000000000
0000001000010000010000000000
0000001000010000010000000000
0000001000010000010000000000
0000001000010000110000000000
0000001000010011100000000000
0000001111111110000000000000
0000000000010000000000000000
0000000000010000000000000000
0000000000010000000000000000
0000000000010000000000000000
0000000000010000000000000000
0000000000010000000000000000
0000000000010000000000000000
0000000000010000000000000000
0000000000010000000000000000
