0000000000000000000000000000
0000000000000000000000000000
0000000000000000000000000000
0000100000000001000000000000
0000111111111111100000000000
0000100001000001000000000000
0000100001000001000000000000
0000100001000001000000000000
0000111111111111000000000000
0000100001000001000000000000
0000100001000001000000000000
0000100001000001000000000000
0000111111111111000000000000
0000100001000001000000000000
0000000001000000000000000000
0000000001000000000000000000
0000000001000000000000000000
0000000001000000000000000000
0000000001000000000000000000
0000000000000000000000000000
0000000000000000000000000000
0000000000000000000000000000
0000000000000000000000000000
0000000000000000000000000000
0000000000000000000000000000
0000000000000000000000000000
0000000000000000000000000000
0000000000000000000000000000
