0000000000000000000000000000
0000000000000000000000000000
0000000000000000000000000000
0000000111111111111100000000
0000001000000100000100000000
0000001000000100000100000000
0000001000000100000100000000
0000001000000100000100000000
0000011000000100000100000000
0000011111111111111100000000
0000010000000100000100000000
0000010000000100000100000000
0000010000000110001000000000
0000010000000010001000000000
0000010000000010001000000000
0000111111111111111111000000
0000000000000010000000000000
0000000000000010000000000000
0000000000000010000000000000
0000000000000010000000000000
0000000000000010000000000000
0000000000000010000000000000
0000000000000000000000000000
0000000000000000000000000000
0000000000000000000000000000
0000000000000000000000000000
0000000000000000000000000000
0000000000000000000000000000
