0000000000000000000000000000
0000000000000000000000000000
0000001111111111100000000000
0000011111111111111100000000
0000011111111111111110000000
0000011100011100111110000000
0000011100011100011100000000
0000011100011100011100000000
0000011111111100011100000000
0000011111111111111100000000
0000011111111111111100000000
0000011100011111111100000000
0000011100011100111100000000
0000011111111111111100000000
0000011111111111111000000000
0000001111111111111000000000
0000000000011100000000000000
0000000000011100000000000000
0000000000011100000000000000
0000000000011100000000000000
0000000000111100000000000000
0000000000111100000000000000
0000000000111000000000000000
0000000000111000000000000000
0000000000011000000000000000
0000000000000000000000000000
0000000000000000000000000000
0000000000000000000000000000
