0000000000000000000000000000
0000000000000000000000000000
0000000000000000000000000000
0000000000000000000000000000
0000011111111000000000000000
0000010000101111100000000000
0000010000100000100000000000
0000010000100000100000000000
0000010000100000100000000000
0000010000100000100000000000
0000011111111111100000000000
0000010000110000100000000000
0000010000100000100000000000
0000010000100000100000000000
0000010000100000100000000000
0000011111111111100000000000
0000000000100000000000000000
0000000000100000000000000000
0000000000100000000000000000
0000000000100000000000000000
0000000000100000000000000000
0000000000100000000000000000
0000000000100000000000000000
0000000000000000000000000000
0000000000000000000000000000
0000000000000000000000000000
0000000000000000000000000000
0000000000000000000000000000
