0000000000000000000000000000
0000000000000000000000000000
0000000000000000000000000000
0000000000000000000000000000
0000000000000000000000000000
0000000100000000000000000000
0000001111111111111000000000
0000000100000000001000000000
0000000100000010001100000000
0000000100000010000100000000
0000000100000010000100000000
0000000111111111110100000000
0000000100000010000100000000
0000000100000010000100000000
0000000100000010000100000000
0000000000000010000100000000
0000000111111111111111000000
0000000000000010000000000000
0000000000000010000000000000
0000000000000010000000000000
0000000000000010000000000000
0000000000000010000000000000
0000000000000000000000000000
0000000000000000000000000000
0000000000000000000000000000
0000000000000000000000000000
0000000000000000000000000000
0000000000000000000000000000
