0000000000000000000000000000
0000000000000000000000000000
0000000000000000000000000000
0000000000000000111111110000
0000000011111111100000010000
0000000010000000100000010000
0000000010000000100000110000
0000000011000000100000100000
0000000001000000100000100000
0000000001000000100000100000
0000000001111000100000100000
0000000001000111111111100000
0000000001000000100000100000
0000000001000000100000100000
0000000001000000100000100000
0000000001000011111111110000
0000000001111100100001000000
0000000000000000100000000000
0000000000000000100000000000
0000000000000000100000000000
0000000000000000100000000000
0000000000000000100000000000
0000000000000000100000000000
0000000000000000100000000000
0000000000000000100000000000
0000000000000000100000000000
0000000000000000100000000000
0000000000000000100000000000
