0000000000000000000000000000
0000000000000000000000000000
0000000000000000000000000000
0000000000000000000000000000
0000000000000000000000000000
0000000000000000000000000000
0000011111111111110000000000
0000001000001000011000000000
0000001000001100001000000000
0000001000000100001000000000
0000001000000100001000000000
0000001000000100001000000000
0000001000000100001000000000
0000001111111111111000000000
0000001000000100010000000000
0000001000000100010000000000
0000001000000100010000000000
0000001000000100010000000000
0000001100000100010000000000
0000011111111111110000000000
0000000000000100000000000000
0000000000000100000000000000
0000000000000100000000000000
0000000000000100000000000000
0000000000000100000000000000
0000000000001100000000000000
0000000000001000000000000000
0000000000001000000000000000
