0000000000000000000000000000
0000000000000000000000000000
0000000000000000000000000000
0000000000000000000000000000
0000000000000000000000000000
0000000000000111111111000000
0000000000001111111111111110
0000000000001111111111111111
0000000000001110001111111111
0000000000001110001110000111
0000000000001110001110001111
0000000000001111111111111111
0000000000001111111111111110
0000000000000111111111111100
0000000000000111001110111100
0000000000000111001110111100
0000000000000111111111110000
0000000000000011111111110000
0000000000000000111111110000
0000000000000000001110000000
0000000000000000001110000000
0000000000000000001110000000
0000000000000000001110000000
0000000000000000001110000000
0000000000000000001110000000
0000000000000000000000000000
0000000000000000000000000000
0000000000000000000000000000
