0000000000000000000000000000
0000011111111111111111111000
0000111111111111111111111100
0000111111111111111111111100
0000111000001110000000011100
0000111000001110000000111100
0000111000001111110000111000
0000111011111111111001111000
0000111111111111111001110000
0000111011111110000011110000
0000111000001110000111100000
0000111111111111111111100000
0000111111111111111111000000
0000111111111111111111000000
0000111000001110000110000000
0000011000001110000000000000
0000000000001110000000000000
0000000000001110000000000000
0000000000001110000000000000
0000000000001110000000000000
0000000000001110000000000000
0000000000001110000000000000
0000000000001110000000000000
0000000000001110000000000000
0000000000001110000000000000
0000000000000110000000000000
0000000000000000000000000000
0000000000000000000000000000
