0000000000000000000000000000
0000000000000000000000000000
0000000000000000000000000000
0000000000000000000000000000
0000000000000000000000000000
0000000110000000000000000000
0000000100000000000000100000
0000000111111111111111100000
0000000110000000000000100000
0000000100000000000000100000
0000000100000010000000100000
0000000100000010000000100000
0000000010000010000000100000
0000000010111111100000100000
0000000010100010000001000000
0000000010110010000001000000
0000000010000010000001000000
0000000001100010000000000000
0000000000100010000000000000
0000000000000011111110000000
0000000000000010000000000000
0000000000111110000000000000
0000000000000010000000000000
0000000000000010000000000000
0000000000000010000000000000
0000000000000010000000000000
0000000000000010000000000000
0000000000000010000000000000
