0000000000000000000000000000
0000000000000000000000000000
0000000000000000000000000000
0000100000000011111000000000
0001111111111111111100000000
0001111111111111111100000000
0011111111111110011100000000
0011100001110000011100000000
0011100001110000011100000000
0011100001110000011100000000
0011100011110000011100000000
0011101111111111111100000000
0011111111111111111100000000
0011101111111111111100000000
0011100011100000011100000000
0011100011100000011100000000
0011100011100000001100000000
0011111111111111111000000000
0011111111111111111100000000
0001111111111111111100000000
0000000011100000000000000000
0000000011100000000000000000
0000000011100000000000000000
0000000011100000000000000000
0000000011100000000000000000
0000000011100000000000000000
0000000011100000000000000000
0000000001100000000000000000
