0000000000000000000000000000
0000000000000000000000000000
0000000000000000000000000000
0000000000000000000000000000
0000001000000000000000000000
0000111111111111110000000000
0000001000001000010000000000
0000001000001000010000000000
0000001000001000010000000000
0000001000001000010000000000
0000001111111111010000000000
0000001000001000010000000000
0000001000001000100000000000
0000001000001011100000000000
0000001000001000000000000000
0000001100001000000000000000
0000001111111111111000000000
0000000000001000000000000000
0000000000001000000000000000
0000000000001000000000000000
0000000000001000000000000000
0000000000001000000000000000
0000000000001000000000000000
0000000000001000000000000000
0000000000001000000000000000
0000000000001000000000000000
0000000000000000000000000000
0000000000000000000000000000
