0000000000000000000000000000
0000000000000000000000000000
0000000000000000000000000000
0000001000000000000000000000
0000011111111111111111110000
0000011111111111111111111000
0000001111111111111111111000
0000001110000111000000111000
0000001110000111000000111000
0000001110111111111111111000
0000001111111111111111111000
0000001111111111111111111000
0000000111110111000000111000
0000000111000111000000111000
0000000111011111111111111000
0000000111111111111111111000
0000000111111111111111110000
0000000001111111000000000000
0000000000000111000000000000
0000000000000111000000000000
0000000000000111000000000000
0000000000000111000000000000
0000000000000111000000000000
0000000000000111000000000000
0000000000000111000000000000
0000000000000111000000000000
0000000000000111000000000000
0000000000000110000000000000
