0000000000000000000000000000
0000000000000000000000000000
0000000000000000000000000000
0000111111100000000000000000
0000100000111111111000000000
0000100000010000001000000000
0000100000010000001000000000
0000100000010000001000000000
0000100000010000001000000000
0000111100010000001000000000
0000100111111111111000000000
0000100000010000001000000000
0000100000010000001000000000
0000100000010000001000000000
0000110000010000001000000000
0000001111111111111000000000
0000000000010000000000000000
0000000000010000000000000000
0000000000010000000000000000
0000000000010000000000000000
0000000000010000000000000000
0000000000010000000000000000
0000000000010000000000000000
0000000000010000000000000000
0000000000010000000000000000
0000000000010000000000000000
0000000000000000000000000000
0000000000000000000000000000
