0000000000000000000000000000
0000000000000000000000000000
0000001010101010100000000000
0000000000000000000000000000
0000100000000000001000000000
0000000000100000000000000000
0000100000100000001000000000
0000000010000100000000000000
0000100000100000010000000000
0000000000000000000000000000
0000100000110100010000000000
0000000010000000000000000000
0000000000100001000000000000
0000000000000000000000000000
0000000001000000000000000000
0000000000000000000000000000
0000000001000000000000000000
0000000000000000000000000000
0000000010000000000000000000
0000000000000000000000000000
0000000010000000000000000000
0000000000000000000000000000
0000000000000000000000000000
0000000000000000000000000000
0000000000000000000000000000
0000000000000000000000000000
0000000000000000000000000000
0000000000000000000000000000
