0000000000000000000000000000
0000000000000000000000000000
0000000000000000000000000000
0000011111111111111111000000
0000011111111111111111000000
0000011111111111111111000000
0000011100001110000111000000
0000011100001110000111000000
0000011100001110000111000000
0000011100001110000111000000
0000011111111111111111000000
0000011111111111111111000000
0000011111111111111111000000
0000011100001110000111000000
0000011100001110000111000000
0000011100001110000111000000
0000011100001110000111000000
0000011111111111111111000000
0000011111111111111111000000
0000001111111111111111000000
0000000000001110000000000000
0000000000001110000000000000
0000000000001110000000000000
0000000000001110000000000000
0000000000001110000000000000
0000000000001110000000000000
0000000000001110000000000000
0000000000000110000000000000
