0000000000000000000000000000
0000000000000000000000000000
0000010000000000010100000000
0000111101111111111111100000
0000011111111111111111110000
0000111111111111110101111000
0000011110000111000001110000
0000011100000111000000111000
0000001100000011000000111000
0000011110001111101000111000
0000001111111111111111111000
0000011111111111111111110000
0000001111110111110110111000
0000001110000011100000110000
0000001110000011100001111000
0000001110101111101101110000
0000000111111111111111110000
0000001111111111111111100000
0000000001010111100100000000
0000000000000011100000000000
0000000000000011000000000000
0000000000000011100000000000
0000000000000011100000000000
0000000000000011100000000000
0000000000000010000000000000
0000000000000000000000000000
0000000000000000000000000000
0000000000000000000000000000
