0000000000000000000000000000
0000000000000000000000000000
0000000000000000000000000000
0000000000000000000000000000
0000011111111111100000000000
0000110000001000011100000000
0000010000001000000100000000
0000010000001000000100000000
0000010000001000000100000000
0000010000011111000100000000
0000001011111000001100000000
0000001000001000001000000000
0000001000001000001000000000
0000000000001000001000000000
0000000111111111111000000000
0000000000001000000000000000
0000000000001000000000000000
0000000000001000000000000000
0000000000001000000000000000
0000000000001000000000000000
0000000000001000000000000000
0000000000001000000000000000
0000000000001000000000000000
0000000000001000000000000000
0000000000001000000000000000
0000000000000000000000000000
0000000000000000000000000000
0000000000000000000000000000
