0000000000000000000000000000
0000000000000000000000000000
0000000000000000000000000000
0000000000000000000000000000
0000001111111111111111000000
0000001000000100000001000000
0000001000000100000001000000
0000001000000100000001000000
0000001000000100000001000000
0000001111111111111111000000
0000001000000100000001000000
0000001000000100000001000000
0000001000000100000001000000
0000001111111111111111000000
0000000000000100000000000000
0000000000000100000000000000
0000000000000100000000000000
0000000000000100000000000000
0000000000000100000000000000
0000000000000100000000000000
0000000000000100000000000000
0000000000000100000000000000
0000000000000100000000000000
0000000000000100000000000000
0000000000000100000000000000
0000000000000000000000000000
0000000000000000000000000000
0000000000000000000000000000
