0000000000000000000000000000
0000000000000000000000000000
0000000000000000000000000000
0000000000000000001100000000
0000000000001111111100000000
0000000001111010000100000000
0000000001000010000100000000
0000000001000010000100000000
0000000001000010000100000000
0000000001000010000100000000
0000000001000011000100000000
0000000001111111111100000000
0000000001000001000100000000
0000000001000001000100000000
0000000001000001000100000000
0000000001000001000100000000
0000000001000001000100000000
0000000000111111111100000000
0000000000000001000000000000
0000000000000001000000000000
0000000000000001000000000000
0000000000000001000000000000
0000000000000001000000000000
0000000000000001000000000000
0000000000000001000000000000
0000000000000001000000000000
0000000000000001000000000000
0000000000000001000000000000
