0000000000000000000000000000
0000000000000000000000000000
0000000000000000000000000000
0000111111111111111111100000
0000100000000001000000110000
0000100000000001000000010000
0000010000000001000000010000
0000010000000001000000010000
0000010000000001000000010000
0000011111111111111111010000
0000001000000001000000010000
0000001000000001000000010000
0000001000000001000000010000
0000001000000001000000010000
0000001000000001000000100000
0000001010000001000000100000
0000000001111111111111100000
0000000000000001000000000000
0000000000000001000000000000
0000000000000001000000000000
0000000000000001000000000000
0000000000000001000000000000
0000000000000001000000000000
0000000000000001000000000000
0000000000000001000000000000
0000000000000001000000000000
0000000000000001000000000000
0000000000000001000000000000
