0000000000000000000000000000
0000000000000000000000000000
0000000000000000000000000000
0000000000000000000000000000
0000000111111111111100000000
0000000100000000000100000000
0000000110000100000100000000
0000000010000100000100000000
0000000010000100000100000000
0000000010000100000100000000
0000000010000100100100000000
0000000010111111101000000000
0000000010100100001000000000
0000000010000100001000000000
0000000010000100001000000000
0000000010000100011000000000
0000000011111111110000000000
0000000000000100000000000000
0000000000000100000000000000
0000000000000100000000000000
0000000000000100000000000000
0000000000000100000000000000
0000000000000100000000000000
0000000000000100000000000000
0000000000000100000000000000
0000000000000100000000000000
0000000000000100000000000000
0000000000000100000000000000
