0000000000000000000000000000
0000000000000000000000000000
0000000000000000000000000000
0000011001111111100000000000
0000011000000100110000000000
0000001000000100011000000000
0000001000000100001000000000
0000001000000100001000000000
0000000100000100001000000000
0000000100000100001000000000
0000000101111111111000000000
0000000100000100001000000000
0000000000000100010000000000
0000000000000111110000000000
0000000001111100000000000000
0000000000000100000000000000
0000000000000100000000000000
0000000000000100000000000000
0000000000000100000000000000
0000000000000100000000000000
0000000000000100000000000000
0000000000000100000000000000
0000000000000100000000000000
0000000000000100000000000000
0000000000000100000000000000
0000000000000000000000000000
0000000000000000000000000000
0000000000000000000000000000
