0000000000000000000000000000
0000000000000000000000000000
0000000000000000000000000000
0000100111111111111111000000
0001111000001000000001000000
0000100000001000000001000000
0000100000001000000001000000
0000100000001000000001000000
0000100000001000000001000000
0000100000001000000001000000
0000100000001000000001000000
0000100000001000000001000000
0000100000001000000001000000
0000101111111111111111100000
0000100000001000000001000000
0000100000001000000001000000
0000100000001000000001000000
0000100000001000000001000000
0000100000001000000001000000
0000010000011111111101000000
0000010111101000000110000000
0000001100001000000010000000
0000000000001000000000000000
0000000000001000000000000000
0000000000001000000000000000
0000000000011000000000000000
0000000000010000000000000000
0000000000010000000000000000
