0000000000000000000000000000
0000000000000000000000000000
0000000000000000000000000000
0000000001111111111000000000
0000001111000000001000000000
0000001000001000001000000000
0000001000001000001000000000
0000001000001000001000000000
0000001000001000001000000000
0000000100001000001000000000
0000000111111111001000000000
0000000110001000001000000000
0000000100001000001000000000
0000000100001000000000000000
0000000100001000000000000000
0000000111111111111000000000
0000000100001000000000000000
0000000000001000000000000000
0000000000001000000000000000
0000000000001000000000000000
0000000000001000000000000000
0000000000001000000000000000
0000000000001000000000000000
0000000000001000000000000000
0000000000001000000000000000
0000000000001000000000000000
0000000000001000000000000000
0000000000001000000000000000
