0000000000000000000000000000
0000000000000000000000000000
0000000000000000000000000000
0000000000000000000000000000
0000000000000000000000000000
0000000000000000000000000000
0000000011111111110000000000
0000000010000000011000000000
0000010000000110001000000000
0000001000000010001000000000
0000001000011101001000000000
0000000100000011101000000000
0000000010000001001100000000
0000000010000001100100000000
0000000001000000100100000000
0000000000111111111100000000
0000000000110000111000000000
0000000000011000110000000000
0000000000000000100000000000
0000000000000000100000000000
0000000000000000100000000000
0000000000000000100000000000
0000000000000000100000000000
0000000000000000100000000000
0000000000000000100000000000
0000000000000000100000000000
0000000000000000100000000000
0000000000000000000000000000
