0000000000000000000000000000
0000000000000000000000000000
0000000000000000000000000000
0000000000000000000000000000
0000000000000000000000000000
0000000001111111111111111110
0000000011111111111111111111
0000000000000000110000000011
0000000110000000110000000011
0000000110000000111000000011
0000000111000000011000000011
0000000011111111111111110111
0000000111111111111111111110
0000000011000000011000000110
0000000011000000011000000110
0000000011000000011000000110
0000000011000000011000000110
0000000011111111111111111110
0000000011111111111111111100
0000000011000000011000000000
0000000000000000011000000000
0000000000000000011000000000
0000000000000000011000000000
0000000000000000011000000000
0000000000000000011000000000
0000000000000000011000000000
0000000000000000011000000000
0000000000000000011000000000
