0000000000000000000000000000
0000000000000000000000000000
0000000010000111111110000000
0000000111111111111111100000
0000000111111111111111100000
0000000111111111100011100000
0000000111000011100011110000
0000000111111111111101110000
0000000111111111111111110000
0000000111111111111111110000
0000000111000111100011100000
0000000111000111000011100000
0000000111000111000011100000
0000000011111111000011100000
0000000111111111111111100000
0000001111111111111111100000
0000000111100111111111100000
0000000000000111000000000000
0000000000000111000000000000
0000000000000111000000000000
0000000000000111000000000000
0000000000000111000000000000
0000000000000111000000000000
0000000000000111000000000000
0000000000001111000000000000
0000000000001110000000000000
0000000000000110000000000000
0000000000000000000000000000
