0000000000000000000000000000
0000000000000000000000000000
0000000000000000000000000000
0000000000000001111111000000
0000000000000001111111100000
0000001111111111111111100000
0000001111111111111111100000
0001111111111111111111100000
0001111000011100000011100000
0001111000011100000111100000
0001111000011100000111100000
0000111100011111111111100000
0000111111111111111111000000
0000111111111111111111000000
0000011111111100001110000000
0000011110011100000000000000
0000011100011100000000000000
0000011100011110000000000000
0000011111011110000000000000
0000001111111111110000000000
0000001111111111110000000000
0000000111111111110000000000
0000000000001111000000000000
0000000000001111000000000000
0000000000000111000000000000
0000000000000111000000000000
0000000000000111000000000000
0000000000000000000000000000
