0000000000000000000000000000
0000000000000000000000000000
0000000000000000000000000000
0000000000000000000000000000
0011111111111110000000000000
0111111111111111000000000000
0111111111111111000000000000
0111001111000111000000000000
0111001110000111000000000000
1111111110001111000000000000
1111111111101111000000000000
1111111111101110000000000000
1110001111111110000000000000
1110001110011110000000000000
1111111110111100000000000000
1111111111111100000000000000
1111111111110000000000000000
0000001111110000000000000000
0000001110000000000000000000
0000001110000000000000000000
0000001110000000000000000000
0000001110000000000000000000
0000001110000000000000000000
0000001110000000000000000000
0000001110000000000000000000
0000000110000000000000000000
0000000000000000000000000000
0000000000000000000000000000
