0000000000000000000000000000
0000000000000000000000000000
0000000000000000000000000000
0000001000000000000000000000
0000011111111111111111110000
0000011111111111111111111000
0000001111111111111111111000
0000001110000011100000111000
0000001110000011100000111000
0000001110111111111111111000
0000001111111111111111111000
0000001111111111111111111000
0000000111110011100000111000
0000000111000011100000111000
0000000111111111111111111000
0000000111111111111111111000
0000000111111111111111110000
0000000000000011100001110000
0000000000000011100000000000
0000000000000011100000000000
0000000000000011100000000000
0000000000000011100000000000
0000000000000011100000000000
0000000000000011100000000000
0000000000000011100000000000
0000000000000011100000000000
0000000000000011100000000000
0000000000000011100000000000
