0000000000000000000000000000
0000000000000000000000000000
0000000000000000000000000000
0000110001011111111110000000
0001111111111111111111100000
0000111111111111111111100000
0000111110101110000001110000
0000111000000111000011100000
0000111100000111000001110000
0000011000000111000011100000
0000011100010111010011100000
0000011111111111110011100000
0000011111111111111011100000
0000011111110111100011100000
0000011100000111000011100000
0000011100000111000111000000
0000000111111111111111100000
0000001111111111111111110000
0000001111111111111111100000
0000000000000111000000000000
0000000000000111000000000000
0000000000000111000000000000
0000000000000111000000000000
0000000000000111000000000000
0000000000000111000000000000
0000000000000111000000000000
0000000000000111000000000000
0000000000000111000000000000
