1111111111111111111111111111
1111111111111111111111111111
1111111111111111011111111111
1111111111010101101111111111
1111101101011010111111111111
1111100110101101010111111111
1111111011111111101111111111
1111111110111110111111111111
1111010011110100101111111111
1111111111111011111111111111
1111110100111110101111111111
1111101010110101000011111111
1111111101111111111111111111
1111111110110101010101111111
1111111010101111101111111111
1111111001111110010111111111
1111111101011011101111111111
1111111110101000010011111111
1111111111111111011111111111
1111111101010111111111111111
1111111111110101111111111111
1111111111110101111111111111
1111111111111111111111111111
1111111111111011111111111111
1111111111111101111111111111
1111111111111001111111111111
1111111111111111111111111111
1111111111111111111111111111
