0000000000000000000000000000
0000000011111110000000000000
0000000010000001111111100000
0000000010000000100000100000
0000000010000000100000100000
0000000010000000100000100000
0000000010000000100001000000
0000000010000000100001000000
0000000011111111111111000000
0000000010000000100001110000
0000000010000000100001000000
0000000010000000100001000000
0000000010000000100001000000
0000000011000000100001000000
0000000010000000100001000000
0000000011111111111111100000
0000000000000000100000000000
0000000000000000100000000000
0000000000000000100000000000
0000000000000000100000000000
0000000000000000100000000000
0000000000000000100000000000
0000000000000000100000000000
0000000000000000100000000000
0000000000000000100000000000
0000000000000000100000000000
0000000000000000100000000000
0000000000000000100000000000
