0000000000000000000000000000
0000000000000000000000000000
0000000000000000000000000000
0000000000000000000000000000
0000000000000000000000000000
0000010111111111111111110000
0000010000001000000000010000
0000010000001100000000010000
0000010000111111110000010000
0000010000000100000000100000
0000001000000100000000100000
0000001000000100000000100000
0000001000000111111111000000
0000001001111110000000000000
0000001000000100000000000000
0000000000000100000000000000
0000000000000100000000000000
0000000000000100000000000000
0000000000000100000000000000
0000000000000100000000000000
0000000000000100000000000000
0000000000000000000000000000
0000000000000000000000000000
0000000000000000000000000000
0000000000000000000000000000
0000000000000000000000000000
0000000000000000000000000000
0000000000000000000000000000
