0000000000000000000000000000
0000000000000000000000000000
0000000000000000000000000000
0000000000000000000000000000
0000000000000000000000000000
0000000011111111000000000000
0000011110010000100000000000
0000010000010000100000000000
0000010000010000100000000000
0000001000010000100000000000
0000001111111000100000000000
0000001000011111110000000000
0000001000010000100000000000
0000001000010000100000000000
0000001000010111100000000000
0000001111111100000000000000
0000000000010000000000000000
0000000000010000000000000000
0000000000010000000000000000
0000000000010000000000000000
0000000000010000000000000000
0000000000010000000000000000
0000000000010000000000000000
0000000000010000000000000000
0000000000000000000000000000
0000000000000000000000000000
0000000000000000000000000000
0000000000000000000000000000
