0000000000000000000000000000
0000000000000000000000000000
0000000000000000000000000000
0000000000000000000000000000
0000000000000000000000000000
0000000000000000000000000000
0000001111111111100000000000
0000001000010000100000000000
0000001000010000100000000000
0000001000010000100000000000
0000001000010000100000000000
0000001111111000100000000000
0000001000011100100000000000
0000001000010000100000000000
0000001000010000100000000000
0000001000010000100000000000
0000000000010000100000000000
0000000011111111100000000000
0000000000010000000000000000
0000000000010000000000000000
0000000000010000000000000000
0000000000010000000000000000
0000000000010000000000000000
0000000000010000000000000000
0000000000010000000000000000
0000000000000000000000000000
0000000000000000000000000000
0000000000000000000000000000
