0000000000000000000000000000
0000000011111111111100000000
0000000111111111111111000000
0000010111111111111111100000
0000111000000111000111100000
0000111000000111000011100000
0000111100000111000011100000
0000011100000111000011100000
0000011101111111000011100000
0000011111111111111111100000
0000011101111111111111100000
0000011100000111111111100000
0000011100000111000111100000
0000001101111111100111000000
0000000011111111111111000000
0000000001111111110111000000
0000000000000111000000000000
0000000000000111000000000000
0000000000000111000000000000
0000000000000111000000000000
0000000000000111000000000000
0000000000000111000000000000
0000000000000111000000000000
0000000000000111000000000000
0000000000000111000000000000
0000000000000111000000000000
0000000000000111000000000000
0000000000000111000000000000
