0000000000000000000000000000
0000000000000000000000000000
0001111111111111111111111110
0011111111111111111111111111
0001111111111111111111111111
0011100000000111000000000111
0001110000000111000000000111
0011100000000111111111101111
0001111111111111111111101110
0011111111111111111111111110
0001111111111111000000011100
0011100000000111100000111100
0001111010110111111111111000
0011111111111111111111111100
0001111111111111111111111000
0000001001001111000000000000
0000000000000111000000000000
0000000000000111000000000000
0000000000000111000000000000
0000000000000111000000000000
0000000000000111000000000000
0000000000000111000000000000
0000000000001111000000000000
0000000000000110000000000000
0000000000000111000000000000
0000000000000111000000000000
0000000000000100000000000000
0000000000000000000000000000
