0000000000000000000000000000
0000000000000000000000000000
0000000000000000000000000000
0001111111111111110000000000
0011111111111111111000000000
0011111111111111111000000000
0011100000100000111000000000
0011100001110000111100000000
0011100001110000011100000000
0011100001110000011100000000
0011100111111100011110000000
0011101111111110011110000000
0011100111111110001110000000
0011100001110000001110000000
0011101111111111111111000000
0001111111111111111111000000
0000001111111111111011000000
0000000001110000000000000000
0000000001110000000000000000
0000000001110000000000000000
0000000001110000000000000000
0000000001110000000000000000
0000000001110000000000000000
0000000001110000000000000000
0000000001110000000000000000
0000000001110000000000000000
0000000001110000000000000000
0000000001110000000000000000
