0000000000000000000000000000
0000000000000000000000000000
0000000000011100000000000000
0000111111100100000000000000
0000010001000100000000000000
0000010001000100000000000000
0000010001000100000000000000
0000010111111100000000000000
0000010001000100000000000000
0000010001000100000000000000
0000011111111100000000000000
0000011001000000000000000000
0000000001000000000000000000
0000000001000000000000000000
0000000001000000000000000000
0000000001000000000000000000
0000000001000000000000000000
0000000001000000000000000000
0000000001000000000000000000
0000000000000000000000000000
0000000000000000000000000000
0000000000000000000000000000
0000000000000000000000000000
0000000000000000000000000000
0000000000000000000000000000
0000000000000000000000000000
0000000000000000000000000000
0000000000000000000000000000
