0000000000000000000000000000
0000000000000000000000000000
0000000000000000000000000000
0000111111111111111100000000
0000010000000100000011000000
0000001000001000000001100000
0000001000001000000000100000
0000001000001000000000100000
0000001000001000000000100000
0000001000001000000000100000
0000000100001000000000100000
0000000111111111111110100000
0000000100001000000000100000
0000000100001000000001000000
0000000100001000000001000000
0000000100001000000001000000
0000000100001000000011000000
0000000000001000000010000000
0000000011111111111111111100
0000000000001000000000000000
0000000000001000000000000000
0000000000001000000000000000
0000000000001000000000000000
0000000000001000000000000000
0000000000001000000000000000
0000000000001000000000000000
0000000000001000000000000000
0000000000001000000000000000
