0000000000000000000000000000
0000000000000000000000000000
0000000000000000000000000000
0000000000000000000000000000
0000000000000000000000000000
0000000000000000000000000000
0000000000000000000000000000
0000000101111111111000000000
0000000100000100001000000000
0000000110000100001000000000
0000000010011111101000000000
0000000011000100001000000000
0000000001011110011000000000
0000000001000111110000000000
0000000000000100000000000000
0000000000000100000000000000
0000000000000100000000000000
0000000000000100000000000000
0000000000000100000000000000
0000000000000100000000000000
0000000000000100000000000000
0000000000000100000000000000
0000000000000100000000000000
0000000000000100000000000000
0000000000000100000000000000
0000000000000110000000000000
0000000000000000000000000000
0000000000000000000000000000
