0000000000000000000000000000
0000000000000000000000000000
0001000000000000000000000000
0001001111111111110000000000
0001000000000000001000000000
0001000010000000001000000000
0001000010000000001000000000
0001000010000000001000000000
0111111111111000001000000000
0001000010001111111000000000
0001000010000000001000000000
0001100010000000001000000000
0001000010000000001000000000
0001111110000000111000000000
0000000011000000100000000000
0000000011111111110000000000
0000000010000001100000000000
0000000010000001000000000000
0000000010000000000000000000
0000000010000000000000000000
0000000010000000000000000000
0000000010000000000000000000
0000000010000000000000000000
0000000010000000000000000000
0000000010000000000000000000
0000000010000000000000000000
0000000000000000000000000000
0000000000000000000000000000
