0000000000000000000000000000
0000000000000000000000000000
0000000000000000000000000000
0000000000000000000000000000
0000000000000000000000000000
0000000000000000000000000000
0000000000000000000000000000
0000000000000000000000000000
0000001111111111111000000000
0000001000001000001000000000
0000001000001000001000000000
0000001000001000001000000000
0000001000001000001000000000
0000001000001000001000000000
0000001111111111111000000000
0000001000001000001000000000
0000001000001000001000000000
0000001000001000001000000000
0000001000001000001000000000
0000001111111111111000000000
0000000000001000000000000000
0000000000001000000000000000
0000000000001000000000000000
0000000000001000000000000000
0000000000001000000000000000
0000000000001000000000000000
0000000000001000000000000000
0000000000001000000000000000
