0000000000000000000000000000
0000000000000000000000000000
0000000000001010101001000000
0000111111111111111111000000
0000111111111111111111100000
0000111111111111010111100000
0000111000001110000011100000
0000111000000110000011100000
0000111100001111000011100000
0000011111111111111011100000
0000011111111111111011100000
0000011111111111111011100000
0000011100000110000011100000
0000011100001111000111000000
0000011101010111010111100000
0000001111111111111111000000
0000000011111111111111000000
0000000001011111010100000000
0000000000000110000000000000
0000000000001111000000000000
0000000000000110000000000000
0000000000001110000000000000
0000000000001111000000000000
0000000000001110000000000000
0000000000001110000000000000
0000000000000110000000000000
0000000000000000000000000000
0000000000000000000000000000
