0000000000000000000000000000
0000000000000000000000000000
0000111111111111111110000000
0001111111111111111111000000
0001111111111111111111000000
0011100000000100000111000000
0011110000001110000111000000
0001110000001110000111000000
0001110000001110000111000000
0001110000111111000111100000
0001111001111111100111100000
0000111000111111100011100000
0000111000001110000011100000
0000111100001110000011100000
0000111111111111111111100000
0000011111111111111111100000
0000011111111111111110000000
0000000000001110000000000000
0000000000001110000000000000
0000000000001110000000000000
0000000000001110000000000000
0000000000001110000000000000
0000000000001110000000000000
0000000000001110000000000000
0000000000001110000000000000
0000000000001110000000000000
0000000000001110000000000000
0000000000001110000000000000
