0000000000000000000000000000
0000000000000000000000000000
0000011111111111111111111100
0110111111111111111111111110
0111000000000011000000000110
0011000000000011000000000110
0011000000000011000000000110
0011000000000011000000000110
0011100000000011000000000110
0001100000000011000000000110
0001101111111111111111110110
0001111111111111111111111111
0001111000000011000000000011
0001100000000011000000000011
0001100000000011000000000011
0001100000000011000000000011
0001100000000011000000000011
0001100000000011000001111011
0001111111111111111111111111
0011111111111111111111000011
0011100000000011000000000000
0000000000000011000000000000
0000000000000011000000000000
0000000000000011000000000000
0000000000000011000000000000
0000000000000011000000000000
0000000000000011000000000000
0000000000000011000000000000
