1111111111111111111111111111
1111111111111111111111111111
1111111111111111111111111111
1111111110100111111111111111
1111111111111111111111111111
1111111101101111011111111111
1111111101010001111111111111
1111111111111110110111111111
1111101011100111111111111111
1111111011111111111111111111
1111111111110110110111111111
1111111111111011111111111111
1111111100111111011111111111
1111111111111111101111111111
1111111111101111111111111111
1111111111100111111111111111
1111111111111111111111111111
1111111111101111111111111111
1111111111111111111111111111
1111111111101111111111111111
1111111111111111111111111111
1111111111111111111111111111
1111111111111111111111111111
1111111111111111111111111111
1111111111111111111111111111
1111111111111111111111111111
1111111111111111111111111111
1111111111111111111111111111
