0101010101010101010101010101
1010010010101010101010010010
0101010101101101101011010101
0100101010111111011101010100
0101010101101011101011010010
1010101110101010101011010101
0101010101010101010101010100
0100101011001011011011010011
1010101110110111101011010100
0101000101101101110110101010
0100110110110110101011001001
0101001011010110101101010101
0100101110111011010110100100
1010100101101111111010010101
0101010111010101001101010100
0100101011010110101101010010
0101001010101101010101001010
0101010101100110010101010101
0100101010011010101010101010
1010100101001101010010010010
0101010101010110010101001010
0100100100101010101001010101
0101010010101101001010101000
0100101010100101010100100110
1010101010011101001010101001
0101001001000110101001010101
0100100101011010100101001001
0101010101010100101010100100
