0000000000000000000000000000
0000000000000000000000000000
0000000000000000000000000000
0000000000000000000000000000
0000000000000000000000000000
0000001111111111111111100000
0000001000000010000000110000
0000001000000010000000010000
0000001000000010000000010000
0000001000000010000000010000
0000001000000010000000010000
0000001000000010000000010000
0000000100000010000000010000
0000000100000010000000010000
0000000111111111111111010000
0000000100000010000000010000
0000000100000010000000010000
0000000100000010000000010000
0000000000000010001111110000
0000000111111111110000010000
0000000000000110000000000000
0000000000000100000000000000
0000000000000100000000000000
0000000000000100000000000000
0000000000000100000000000000
0000000000000100000000000000
0000000000000100000000000000
0000000000000100000000000000
