0000000000000000000000000000
0000000000000000000000000000
0000111111111111111000000000
0001111111111111111111110000
0001111111111111111111111000
0000111000001110001111111000
0000111000001110000000111000
0000111100001110000000111000
0000011100001110000001111000
0000011111111111110001111000
0000011111111111111011110000
0000011111111111111111110000
0000001110001110000111100000
0000001110001110001111000000
0000001111111111111111000000
0000001111111111111110000000
0000000001111111111110000000
0000000000000111000000000000
0000000000000111000000000000
0000000000000111000000000000
0000000000000111000000000000
0000000000000111000000000000
0000000000000111000000000000
0000000000000111000000000000
0000000000000111000000000000
0000000000000111000000000000
0000000000000111000000000000
0000000000000011000000000000
