0000000000000000000000000000
0000000000000000000000000000
0000001111111111111111100000
0000011111111111111111110000
0000011111111111111111111000
0000011100000011100000111000
0000011100000011100000111000
0000011100000011100000111000
0000011100000011100000111000
0000011100011111110000111000
0000011100111111111001111000
0000011100011111111001110000
0000011100000011100001110000
0000011100000011100001110000
0000011110000011100011110000
0000001111111111111111100000
0000001111111111111111100000
0000001111111111111111100000
0000000000000011100011000000
0000000000000011100000000000
0000000000000011100000000000
0000000000000011100000000000
0000000000000011100000000000
0000000000000011100000000000
0000000000000011100000000000
0000000000000011100000000000
0000000000000011100000000000
0000000000000011100000000000
