0000000000000000000000000000
0000000000000000000000000000
0000000000000000000000000000
0000000000000000000000000000
0000001111111111110000000000
0000001000001000011000000000
0000001000001000001000000000
0000001000001000001000000000
0000001000000100001000000000
0000001111111111111000000000
0000000100000100001000000000
0000000100000100001000000000
0000000100000010001000000000
0000001110000010011000000000
0000000011111111110000000000
0000000000000010000000000000
0000000000000010000000000000
0000000000000001000000000000
0000000000000001000000000000
0000000000000001000000000000
0000000000000001000000000000
0000000000000001000000000000
0000000000000001000000000000
0000000000000001000000000000
0000000000000001000000000000
0000000000000001000000000000
0000000000000001000000000000
0000000000000000000000000000
