0000000000000000000000000000
0000000000000000000000000000
0000000000000000000000000000
0000000011100000000000000000
0000000011111111111110000000
0000000011111111111111100000
0000000011111111111111100000
0000000011100011111111110000
0000000011100011110011110000
0000000011100011110011110000
0000000011100011100001110000
0000000011100011100001110000
0000000011111111111111110000
0000000011111111111111110000
0000000011111111111111110000
0000000011100011100111110000
0000000011110011100111110000
0000000011111011100111110000
0000000001111111110000000000
0000000001111111111110000000
0000000000111111111110000000
0000000000000011111110000000
0000000000000011100000000000
0000000000000011100000000000
0000000000000011100000000000
0000000000000011100000000000
0000000000000011100000000000
0000000000000011110000000000
