0000000000000000000000000000
0000000000000000000000000000
0000000000000000000000000000
0001000000000000000000000000
0001011111111000000000000000
0001000010001100000000000000
0001000010000100000000000000
0000100010000100000000000000
0000101111111100000000000000
0000100010000100000000000000
0000100010000000000000000000
0000111111100000000000000000
0000100010000000000000000000
0000000010000000000000000000
0000000010000000000000000000
0000000010000000000000000000
0000000010000000000000000000
0000000010000000000000000000
0000000000000000000000000000
0000000000000000000000000000
0000000000000000000000000000
0000000000000000000000000000
0000000000000000000000000000
0000000000000000000000000000
0000000000000000000000000000
0000000000000000000000000000
0000000000000000000000000000
0000000000000000000000000000
