0000000000000000000000000000
0000000000000000000000000000
0000000000000000000000000000
0000000000000000000000000000
0000000000000000000000000000
0000010111110000000000000000
0000011100011111111000000000
0000010000001000001100000000
0000010000001000000100000000
0000010000001000000100000000
0000010000001000000100000000
0000010000001000000100000000
0000010000001000000100000000
0000011111111111111100000000
0000010000010000001000000000
0000010000010000001000000000
0000010000010000001000000000
0000010000010000111000000000
0000001111111111100000000000
0000000000010000000000000000
0000000000010000000000000000
0000000000010000000000000000
0000000000010000000000000000
0000000000110000000000000000
0000000000100000000000000000
0000000000100000000000000000
0000000000100000000000000000
0000000000100000000000000000
