0000000000000000000000000000
0000000000000000000000000000
0000000000000000000000000000
0000000000000000000000000000
0000000000000000000000000000
0000010000000000000000000000
0000011111111111111100000000
0000010000000000000100000000
0000001000011000001000000000
0000001000001000001000000000
0000001000001000001000000000
0000001000001000001000000000
0000001011111111111000000000
0000001000001000010000000000
0000001000000100010000000000
0000001000000100110000000000
0000001000000100100000000000
0000000000000100000000000000
0000000000111111100000000000
0000000000000100011000000000
0000000000000100000000000000
0000000000000100000000000000
0000000000000100000000000000
0000000000000100000000000000
0000000000000100000000000000
0000000000000100000000000000
0000000000000100000000000000
0000000000000100000000000000
