0000111111111111111100000000
0111111111111111111111111110
1111100000000110000111111111
0110000000000110000000000011
0110000000000110000000000011
0110000000000110000000000011
0110000000000110000000000011
0110000000000110000000000011
0110000000000110000000000011
0111111111111111111111111111
1111111111111111111111111111
0110000000000110000000000011
0110000000001110000000000011
0110000000001100000000000011
0110000000001100000000000011
1110000000001100000000000011
1111100000001100000000000011
0111111111111111111111111111
0000011111111111111111111111
0000000000001100000000000000
0000000000001100000000000000
0000000000001100000000000000
0000000000001100000000000000
0000000000001100000000000000
0000000000001100000000000000
0000000000001100000000000000
0000000000001100000000000000
0000000000001100000000000000
