0000000000000000000000000000
0000000000000000000000000000
0000000100000000000000000000
0000000111111111111110000000
0000000100000000000001000000
0000000100000100000001000000
0000000100000110000001000000
0000000100000010000001000000
0000000100000010000001000000
0000000111111111111101000000
0000000100000010000001000000
0000000100000010000001000000
0000000100000010000001000000
0000000100000010000001000000
0000000100000010000001000000
0000000100000010000001000000
0000000100000011111111000000
0000000001111110000001000000
0000000000000010000000000000
0000000000000011000000000000
0000000000000001000000000000
0000000000000001000000000000
0000000000000001000000000000
0000000000000001000000000000
0000000000000001000000000000
0000000000000001000000000000
0000000000000001000000000000
0000000000000001000000000000
