0000000000000000000000000000
0000000000000000000000000000
0000000000000000000000000000
0000000000000000000000000000
0000000000000000000000000000
0000011111111111111000000000
0000010000001000001000000000
0000010000001000001000000000
0000010000001000001000000000
0000010000001000001000000000
0000011111111000111000000000
0000010000011111101000000000
0000010000001000001000000000
0000010000001000001000000000
0000010000001000001000000000
0000011111111111111100000000
0000000000001000000000000000
0000000000001000000000000000
0000000000001000000000000000
0000000000001000000000000000
0000000000001000000000000000
0000000000001000000000000000
0000000000001000000000000000
0000000000001000000000000000
0000000000001000000000000000
0000000000001000000000000000
0000000000000000000000000000
0000000000000000000000000000
