1111111111111111111111111111
1111111111111111111111111111
1111111111111111111111111111
1110000000011111000000000111
1110000000011111000000000111
1110000000011111000000000111
1111111111111111111111111111
1111111111111111111111111111
1111111111111111111111111111
1111111111111111111111111111
1111111111111111111111111111
1110000000011111000000000111
1110000000011111000000000111
1110000000011111000000000111
1111111111111111111111111111
1111111111111111111111111111
1111111111111111111111111111
1111111111111111111111111111
1111111111111111111111111111
0000000000011111000000000000
0000000000011111000000000000
0000000000011111000000000000
0000000000011111000000000000
0000000000011111000000000000
0000000000011111000000000000
0000000000011111000000000000
0000000000011111000000000000
0000000000011111000000000000
