0000000000000000000000000000
0000000000000000000000000000
0000000000000000000000000000
0000011111111111100000000000
0000100000001000110000000000
0000100000001000010000000000
0000100000001000010000000000
0000100000001000010000000000
0000100000001000010000000000
0000100000001000100000000000
0000100011111110100000000000
0001000000001000100000000000
0001000000001000100000000000
0000000000001001100000000000
0000000000001000000000000000
0000000000001000000000000000
0000011111111111110000000000
0000000000001000000000000000
0000000000001000000000000000
0000000000001000000000000000
0000000000001000000000000000
0000000000001000000000000000
0000000000001000000000000000
0000000000001000000000000000
0000000000001000000000000000
0000000000011000000000000000
0000000000000000000000000000
0000000000000000000000000000
