0000000000000000000000000000
0000000000000000000000000000
0000000000000000000000000000
0000000000000000010000000000
0000000000101111101000000000
0000000111010000001000000000
0000001000001000001000000000
0000001000001000001000000000
0000001000010000001000000000
0000001010101010001000000000
0000001001011101010000000000
0000001000010000010000000000
0000001000010000100000000000
0000000000010000100000000000
0000000001010000000000000000
0000000001011100000000000000
0000000000010000000000000000
0000000000001000000000000000
0000000000010000000000000000
0000000000001000000000000000
0000000000001000000000000000
0000000000001000000000000000
0000000000001000000000000000
0000000000001000000000000000
0000000000001000000000000000
0000000000001000000000000000
0000000000000000000000000000
0000000000000000000000000000
