0000000000000000000000000000
0000000000000000000000000000
0000000000000000000000000000
0000000000111111111111000000
0000000001100001000001000000
0000000001000001000001000000
0000000001000001000001000000
0000000001000001000001100000
0000000001000001000000100000
0000000001000001100000100000
0000000001111111111111100000
0000000001000000100000100000
0000000001000000100000100000
0000000001000000100000100000
0000000001011111111111110000
0000000001110000100000100000
0000000000000000100000000000
0000000000000000100000000000
0000000000000000100000000000
0000000000000000100000000000
0000000000000000100000000000
0000000000000000100000000000
0000000000000000100000000000
0000000000000000100000000000
0000000000000000100000000000
0000000000000000100000000000
0000000000000000100000000000
0000000000000000100000000000
