0000000000000000000000000000
0000000000000000000000000000
0011000000000000000000000000
0111111111111111111100000000
0011111111111111111110000000
0011111111111111111110000000
0011100000111100011110000000
0011100000111100011110000000
0011111111111111111100000000
0001111111111111111110000000
0001111111111111111110000000
0001110000111000111100000000
0001110000111000111000000000
0001110000111000111000000000
0000111111111111111000000000
0000111111111111110000000000
0000111111111111100000000000
0000000000111000000000000000
0000000000111000000000000000
0000000000111000000000000000
0000000000111000000000000000
0000000000111000000000000000
0000000000111000000000000000
0000000000111000000000000000
0000000000111000000000000000
0000000000111000000000000000
0000000000011000000000000000
0000000000000000000000000000
