0000000000000000000000000000
0000000000000000000000000000
0000000000000000000000000000
0000011111111111111110000000
0000010000000100000010000000
0000010000000100000010000000
0000010000000100000010000000
0000011111111111111110000000
0000010000000100000010000000
0000010000000100000010000000
0000010000000100000010000000
0000010000000100000010000000
0000011111111111111110000000
0000000000000100000000000000
0000000000000100000000000000
0000000000000100000000000000
0000000000000100000000000000
0000000000000100000000000000
0000000000000100000000000000
0000000000000100000000000000
0000000000000100000000000000
0000000000000100000000000000
0000000000000100000000000000
0000000000000000000000000000
0000000000000000000000000000
0000000000000000000000000000
0000000000000000000000000000
0000000000000000000000000000
