0000000000000000000000000000
0000000000000000000000000000
0000000000000000000000000000
0000000000000000000000000000
0000111111111111111110000000
0001111111111111111111000000
0001111111111111111111000000
0001110000111000000111000000
0001110000111000000111000000
0001110000111000000111000000
0001111000111000000111000000
0011111111111111101111000000
0001111111111111111111000000
0000111111111111111110000000
0000111000011100001110000000
0000111000011111011110000000
0000011011111111101110000000
0000000111111111100000000000
0000000011111100000000000000
0000000000011100000000000000
0000000000011100000000000000
0000000000011100000000000000
0000000000011100000000000000
0000000000011100000000000000
0000000000011100000000000000
0000000000011100000000000000
0000000000011100000000000000
0000000000011100000000000000
