0000000000000000000000000000
0000000000000000000000000000
0000000000000000000000000000
0000000000000000000000000000
0000000000000000000000000000
0000011111111111111100000000
0000010000100000000100000000
0000010000100000000100000000
0000010000100000000100000000
0000011111111111111100000000
0000011000100000000100000000
0000010000100000000100000000
0000010000100000000100000000
0000000000100001111100000000
0000011111111111000100000000
0000000000100000000000000000
0000000000100000000000000000
0000000000100000000000000000
0000000000100000000000000000
0000000000100000000000000000
0000000000000000000000000000
0000000000000000000000000000
0000000000000000000000000000
0000000000000000000000000000
0000000000000000000000000000
0000000000000000000000000000
0000000000000000000000000000
0000000000000000000000000000
