0000000000000000000000000000
0000000000000000000000000000
0000000000000000000000000000
0000000000000000000000000000
0000111000000000000000000000
0000111001111111111111111000
0000111011111111111111111000
0000111011111111111111111000
0000111011111110000000111000
0000111000001110000000111000
0000111000001110000000111000
0000111000001110000000111000
0001111111111111110001111000
0001111111111111111001111000
0001111111111111111011111000
0000111000001111111011110000
0000111000001110001111110000
0000111111101110111111100000
0000111111111110111111100000
0000001111111111111110000000
0000000011111111100000000000
0000000000111111100000000000
0000000000001110000000000000
0000000000001110000000000000
0000000000001110000000000000
0000000000001110000000000000
0000000000001110000000000000
0000000000001110000000000000
