0000000000000000000000000000
0000000000000000000000000000
0000000000000000000000000000
0000000000000000000000000000
0000000000000000000000000000
0000000000000111111110000000
0000000001111000000011000000
0000000100000001000001000000
0000000010000001100001000000
0000000010000000100000100000
0000000011000000100001100000
0000000001000111111110100000
0000000001000000010000100000
0000000001000000010000100000
0000000001000000010000100000
0000000000001111111111100000
0000000000000000010000000000
0000000000000000010000000000
0000000000000000010000000000
0000000000000000010000000000
0000000000000000010000000000
0000000000000000010000000000
0000000000000000010000000000
0000000000000001010000000000
0000000000000000110000000000
0000000000000000010000000000
0000000000000000000000000000
0000000000000000000000000000
