0000000000000000000000000000
0000000000000000000000000000
0000000000000000000000000000
0000000000000000000000000000
0000000100111111111100000000
0000001111111111111111000000
0000001110111111111111000000
0000001110000111000111000000
0000001110000111000111000000
0000001110000111110111000000
0000001110111111111111000000
0000001111111111111111000000
0000001110111111011111000000
0000001110000111001110000000
0000000111111111101110000000
0000000111111111111100000000
0000000111111111111000000000
0000000000000111110000000000
0000000000000111000000000000
0000000000000111000000000000
0000000000000111000000000000
0000000000000111000000000000
0000000000000111000000000000
0000000000000111000000000000
0000000000000111000000000000
0000000000000111000000000000
0000000000000111000000000000
0000000000000011000000000000
