0000000000000000000000000000
0000000011111111111000000000
0000001111111111111100000000
0000011111111111111100000000
0000011100011100011100000000
0000011100011100011100000000
0000011111111111111100000000
0000011111111111111100000000
0000011111111111111100000000
0000011100011100011100000000
0000011100011100011100000000
0000011111111111111100000000
0000011111111111111100000000
0000001111111111111000000000
0000000000011100000000000000
0000000000011100000000000000
0000000000011100000000000000
0000000000011100000000000000
0000000000011100000000000000
0000000000011100000000000000
0000000000011100000000000000
0000000000011100000000000000
0000000000011100000000000000
0000000000011100000000000000
0000000000011100000000000000
0000000000011100000000000000
0000000000011100000000000000
0000000000011100000000000000
