0000000000000000000000000000
0000000000000000000000000000
0000000000001000100000000000
0000000001111111111110000000
0000000000000010000111000000
0000000011000110000100000000
0000000010000010000110000000
0000000011000110001010000000
0000000010101011101100000000
0000000011111111111110000000
0000000010000010000100000000
0000000011000110000100000000
0000000010000010001100000000
0000000011000010000100000000
0000000010001111010100000000
0000000001111111111100000000
0000000000000010001000000000
0000000000000110000000000000
0000000000000010000000000000
0000000000000110000000000000
0000000000000010000000000000
0000000000000010000000000000
0000000000000110000000000000
0000000000000011000000000000
0000000000000010000000000000
0000000000000011000000000000
0000000000000000000000000000
0000000000000000000000000000
