0000000000000000000000000000
0000000000000000000000000000
0000000110000000000000000000
0000000100000000000000000000
0000000101111111111111000000
0000000110000000000001000000
0000000100000000000001000000
0000000100000000000001000000
0000000110000001000001000000
0000000010000001000001000000
0000000010000111111001000000
0000000010000101000001000000
0000000010111111111101000000
0000000010000001000001000000
0000000010000001000001000000
0000000010000000100001000000
0000000010000000100001000000
0000000000000000100001000000
0000000011000000100000000000
0000000000111111111111100000
0000000000000000100000000000
0000000000000000100000000000
0000000000000000100000000000
0000000000000000100000000000
0000000000000000010000000000
0000000000000000010000000000
0000000000000000010000000000
0000000000000000010000000000
