0000000000000000000000000000
0000000000000000000000000000
0000001100000000000000000000
0000000111100000000000000000
0000010000111111100000000000
0000010000001000110000000000
0000010000001000010000000000
0000010000001000010000000000
0000011000001000010000000000
0000001000001000010000000000
0000001001111110010000000000
0000001000001000010000000000
0000001000001000110000000000
0000001100011000100000000000
0000001100010001100000000000
0000000000010001000000000000
0000000001111111111000000000
0000000110010000000000000000
0000000000010000000000000000
0000000000010000000000000000
0000000000010000000000000000
0000000000010000000000000000
0000000000010000000000000000
0000000000010000000000000000
0000000000010000000000000000
0000000000010000000000000000
0000000000010000000000000000
0000000000010000000000000000
