0000000000000000000000000000
0000000000000000000000000000
0000000000000000000000000000
0000000000000000000000000000
0000000000000000000000000000
0000000011111111111000000000
0000000100000000000110000000
0000000100000100000010000000
0000000010000010000100000000
0000000010000100000100000000
0000000010111111110100000000
0000000010000010000100000000
0000000001000010001000000000
0000000000101010101000000000
0000000001101111010000000000
0000000000000010000000000000
0000000000000010000000000000
0000000000000010000000000000
0000000000000010000000000000
0000000000000010000000000000
0000000000000010000000000000
0000000000000010000000000000
0000000000000010000000000000
0000000000000010000000000000
0000000000000000000000000000
0000000000000000000000000000
0000000000000000000000000000
0000000000000000000000000000
