0000000000000000000000000000
0000000000000000000000000000
0000000000000000000000000000
0000000000000000000000000000
0000000000000000000000000000
0000000000000000000000000000
0000000001111111111110000000
0000000001000001000010000000
0000000001000001000010000000
0000000001100001000011000000
0000000000100001000001000000
0000000000100001000001000000
0000000000111111111111000000
0000000000100001000001000000
0000000000100001100001000000
0000000000100000100001000000
0000000000100000100001000000
0000000000100000100001000000
0000000000111111111111000000
0000000000000000100000000000
0000000000000000100000000000
0000000000000000100000000000
0000000000000000100000000000
0000000000000000100000000000
0000000000000000100000000000
0000000000000000100000000000
0000000000000000100000000000
0000000000000000100000000000
