0000000000000000000000000000
0000000000000000000000000000
0000000000000000000000000000
0000000000000000000000000000
0000000000000000000000000000
0010000000000000000000000000
0010000000000000000000000000
0011111111111111111110000000
0010000000000000000010000000
0010000000000000000010000000
0010000000001100000010000000
0010000000001000001110000000
0011111111111111111110000000
0011000000001000001110000000
0001000000001000001110000000
0001000000001000001110000000
0001000000001000000100000000
0001000000001000000100000000
0001000000001000000100000000
0001111111111111111100000000
0000000000001000000111000000
0000000000001000000000000000
0000000000001000000000000000
0000000000001000000000000000
0000000000001000000000000000
0000000000001000000000000000
0000000000011000000000000000
0000000000010000000000000000
