0000000000000000000000000000
0000000000000000000000000000
0000000000000000000000000000
0000000000000000000000000000
0000111001011111111111000000
0000111111111111111111100000
0000111111111111111111100000
0000111110100111000001110000
0000111000000111000011100000
0000111000000111000001110000
0000011101111111111111100000
0000011111111111111111110000
0000011111111111111111100000
0000011110000111000011100000
0000001110000111000111100000
0000001000000111000111000000
0000000001111111111111000000
0000000011111111111110000000
0000000011111111111000000000
0000000001000111000000000000
0000000000000111000000000000
0000000000000111000000000000
0000000000000111000000000000
0000000000000111000000000000
0000000000000111000000000000
0000000000000111000000000000
0000000000001110000000000000
0000000000000111000000000000
