0000000000000000000000000000
0000000000000000000000000000
0000000011111111111110000000
0000000010000001000010000000
0000000010000001100010000000
0000000010000000100010000000
0000000010000000100010000000
0000000010000000100011000000
0000000010000001111111000000
0000000010111111100001000000
0000000010000000100001000000
0000000010000000100001000000
0000000010000000100001000000
0000000010000000100011111100
0000000011000000111110000000
0000000011001111100000000000
0000000000110000100000000000
0000000000000000100000000000
0000000000000001100000000000
0000000000000001000000000000
0000000000000001000000000000
0000000000000001000000000000
0000000000000001000000000000
0000000000000001000000000000
0000000000000001000000000000
0000000000000001000000000000
0000000000000001000000000000
0000000000000001000000000000
