0000000000000000000000000000
0000000000000000000000000000
0000000111111111111100000000
0000000100000000000100000000
0000000100000010000110000000
0000000100000011000010000000
0000000100000001011110000000
0000000100111111110010000000
0000000100000001000010000000
0000000100000001000011000000
0000000100000001000001000000
0000000100000001100001000000
0000000100000000100001000000
0000000110000000111111111000
0000000110001111100000000000
0000000001111000100000000000
0000000001000000100000000000
0000000000000000100000000000
0000000000000000100000000000
0000000000000000100000000000
0000000000000000100000000000
0000000000000000100000000000
0000000000000000100000000000
0000000000000000100000000000
0000000000000000100000000000
0000000000000000100000000000
0000000000000000100000000000
0000000000000000000000000000
