0000000000000000000000000000
0000000000000000000000000000
0000000000000000000000000000
0000000000000000000000000000
0000000111111111111111100000
0000000100000000000000100000
0000000100000000000000100000
0000000110000001000000100000
0000000010000001000000100000
0000000010000001000000100000
0000000010000111111110100000
0000000010011101000000100000
0000000010000001000000110000
0000000010000001000000110000
0000000010000001000000000000
0000000000000001000000000000
0000000000000001000000000000
0000000000011111111110000000
0000000000000001000000000000
0000000000000001000000000000
0000000000000001000000000000
0000000000000001000000000000
0000000000000001000000000000
0000000000000001000000000000
0000000000000001000000000000
0000000000000001000000000000
0000000000000001000000000000
0000000000000001000000000000
