0000000000000000000000000000
0000000000000000000000000000
0000000000000000000000000000
0000001000001111111100000000
0000001111110000000010000000
0000001000000100000010000000
0000001000000100000011000000
0000001000000100000001000000
0000001000000100000001000000
0000001011111111000001000000
0000001000000100111101000000
0000001000000100000001000000
0000001000000100000001000000
0000001000000100000001000000
0000001000000100000001000000
0000001000000100000001000000
0000000001111111111111000000
0000000110000100000000000000
0000000000000100000000000000
0000000000000100000000000000
0000000000000100000000000000
0000000000000100000000000000
0000000000000100000000000000
0000000000000100000000000000
0000000000000100000000000000
0000000000000000000000000000
0000000000000000000000000000
0000000000000000000000000000
