0000000000000000000000000000
0000000000000000000000000000
0000000000000000000000000000
0000000111000000000000000000
0000000001111111000000000000
0000001000000100111110000000
0000001000000100000011000000
0000001000000100000001000000
0000001000000100000001000000
0000000100000100000011000000
0000000101111111110010000000
0000000101000100000010000000
0000000100000100000110000000
0000000100000100000100000000
0000000100000100000100000000
0000000001111111111110000000
0000000000000100000000000000
0000000000000100000000000000
0000000000000100000000000000
0000000000000100000000000000
0000000000000100000000000000
0000000000000100000000000000
0000000000000110000000000000
0000000000000010000000000000
0000000000000010000000000000
0000000000000010000000000000
0000000000000000000000000000
0000000000000000000000000000
