0000000000000000000000000000
0000000000000000000000000000
0000000000000000000000000000
0000000000000000000000000000
0000000000000000000000000000
0000000000000000000000000000
0000011111111111110000000000
0001111111111111111100000000
0011111111111111111100000000
0011100001110000011100000000
0011100001110000011100000000
0011100001110000011100000000
0011111111111110011100000000
0011111111111111111100000000
0011111111111111111100000000
0011100001110011111100000000
0011100001110000011100000000
0011111111110000001100000000
0001111111111111110000000000
0000011111111111111000000000
0000000001111111111000000000
0000000001110000000000000000
0000000001110000000000000000
0000000001110000000000000000
0000000001110000000000000000
0000000001110000000000000000
0000000001110000000000000000
0000000001110000000000000000
