0000000000000000000000000000
0000000000000000000000000000
0000000000000000000000000000
0000000000000000000000000000
0000111111111111111111111000
0001111111111111111111111100
0000110000000110000000011000
0000110000000110000000011000
0000110000000110000000011000
0000111111110110000000011000
0000111111111111111111111000
0000111000001111111111110000
0000110000000111000000110000
0000110000000011000000110000
0000110000000011000000110000
0000110000000011000000110000
0000111111111111111111110000
0000111111111111111111110000
0000000000000011000000000000
0000000000000011000000000000
0000000000000011000000000000
0000000000000011000000000000
0000000000000111000000000000
0000000000000110000000000000
0000000000000110000000000000
0000000000000110000000000000
0000000000000110000000000000
0000000000000110000000000000
