0000000000000000000000000000
0000000000000000000000000000
0000000000000000000000000000
0000000000000000000000000000
0000000011111111111110000000
0000000100000010000010000000
0000000100000010000010000000
0000000100000010000011000000
0000000100000010000001000000
0000000100000010000001000000
0000000100000010000001000000
0000000111111111111111000000
0000000100000010000001000000
0000000100000010000001000000
0000000010000010000001000000
0000000010000010000001000000
0000000010000010000001000000
0000000011111111111111000000
0000000000000010000000000000
0000000000000010000000000000
0000000000000010000000000000
0000000000000010000000000000
0000000000000010000000000000
0000000000000010000000000000
0000000000000010000000000000
0000000000000000000000000000
0000000000000000000000000000
0000000000000000000000000000
