0000000000000000000000000000
0000000000000000000000000000
0000000000000000000000000000
0000001000000000000000000000
0000011111111111111111110000
0000011111111111111111111000
0000001111111111111111111000
0000001110000000111000111000
0000001110000001111000111000
0000001110111111111111111000
0000001111111111111111111000
0000001111111111111111111000
0000000111110001110000111000
0000000111000001110000111000
0000000111111111111111111000
0000000111111111111111111000
0000000111111111111111110000
0000000000000001110001110000
0000000000000001110000000000
0000000000000001110000000000
0000000000000001110000000000
0000000000000001110000000000
0000000000000001110000000000
0000000000000001110000000000
0000000000000001110000000000
0000000000000001110000000000
0000000000000011110000000000
0000000000000011110000000000
