0000000000000000000000000000
0000000000000000000000000000
0000000000000000000000000000
0000000000000000000000000000
0000000000000000000000000000
0000000000000000000000000000
0000001110000000000000000000
0000001011111111110000000000
0000001000010000010000000000
0000001000010000010000000000
0000001000010000010000000000
0000001000010000010000000000
0000001111111111110000000000
0000001000010000010000000000
0000001000011000010000000000
0000001000001000010000000000
0000001000001000010000000000
0000001111111111110000000000
0000000000001000000000000000
0000000000001000000000000000
0000000000001000000000000000
0000000000001000000000000000
0000000000001000000000000000
0000000000001000000000000000
0000000000001000000000000000
0000000000000000000000000000
0000000000000000000000000000
0000000000000000000000000000
