0000000000000000000000000000
0000000000000000000000000000
0000000000000000000000000000
0000000011111111100000000000
0000011111111111111000000000
0000111111111111111100000000
0000111110011100111100000000
0001111000011110011110000000
0000111000011110011110000000
0000111111111111111110000000
0000111111111111111110000000
0000111111111111111110000000
0000111000001110001110000000
0000111000001110001110000000
0000111000001110001110000000
0000111000001110001110000000
0000111110001110011110000000
0000111111111111111100000000
0000011111111111111100000000
0000000011111111111100000000
0000000000001110000000000000
0000000000001110000000000000
0000000000001110000000000000
0000000000001110000000000000
0000000000001110000000000000
0000000000001110000000000000
0000000000001110000000000000
0000000000001110000000000000
