0000000000000000000000000000
0000000000000000000000000000
0000000000000000000000000000
0000001111111111100000000000
0000001100010000100000000000
0000001000010000100000000000
0000001000010000100000000000
0000001111111111100000000000
0000001000010011100000000000
0000001000010000100000000000
0000001000010000100000000000
0000001111111111100000000000
0000000000010000000000000000
0000000000010000000000000000
0000000000010000000000000000
0000000000010000000000000000
0000000000010000000000000000
0000000000010000000000000000
0000000000010000000000000000
0000000000010000000000000000
0000000000010000000000000000
0000000000010000000000000000
0000000000010000000000000000
0000000000010000000000000000
0000000000000000000000000000
0000000000000000000000000000
0000000000000000000000000000
0000000000000000000000000000
