0000000000000000000000000000
0000000000000000000000000000
0000000000000000000000000000
0000000000000000000100000000
0000000000101011111010000000
0000001001010110000010000000
0000001000000010000010000000
0000001000000010000010000000
0000001000000100000100000000
0000000101111111110100000000
0000001000000100000100000000
0000000100000100001000000000
0000000100000100000000000000
0000000000000100010000000000
0000000001011111101000000000
0000000010100100000000000000
0000000000000100000000000000
0000000000000100000000000000
0000000000000100000000000000
0000000000000100000000000000
0000000000000100000000000000
0000000000000100000000000000
0000000000000100000000000000
0000000000000000000000000000
0000000000000000000000000000
0000000000000000000000000000
0000000000000000000000000000
0000000000000000000000000000
