0000000000000000000000000000
0000000000000000000000000000
0000000000000000000000000000
0000000000000000100000000000
0000000000000000100000000000
0000000000000000100000000000
0000000000000000100000000000
0000000000000000100000000000
0000000111111111111111111000
0000000100000000100000001000
0000000100000000100000001000
0000000100000000100000001000
0000000100000000100000001000
0000000100000000100000001000
0000000111111111111111111000
0000000100000000100000001000
0000000100000000100000001000
0000000100000000100000001000
0000000100000000100000001000
0000000111111111111111111000
0000000000000000100000000000
0000000000000000100000000000
0000000000000000100000000000
0000000000000000100000000000
0000000000000000100000000000
0000000000000000100000000000
0000000000000000000000000000
0000000000000000000000000000
