0000000000000000000000000000
0000000000100000000000000000
0000000000100000000000000000
0000000000100000000000000000
0000000000100000000000000000
0000000000100000000000000000
0000001111100000000000000000
0000000000111000000000000000
0000000000101100000000000000
0000000000100010000000000000
0000000000100101000000000000
0000011111111001100000000000
0011110000100000100000000000
0000010000100000100000000000
0000010000100000100000000000
0000010000100000100000000000
0000010000100111111100000000
0000000111111000100000000000
0000000000100000000000000000
0000000000100000000000000000
0000000000100000000000000000
0000000000100000000000000000
0000000000100000000000000000
0000000000100000000000000000
0000000000100000000000000000
0000000000100000000000000000
0000000000100000000000000000
0000000000100000000000000000
