0000000000000000000000000000
0000000000000000000000000000
0000000000000000000000000000
0000000000000000000000000000
0000000000000100000000000000
0000000000000100000000000000
0000000000000100000000000000
0000000000000100000000000000
0000000000000100000000000000
0000001111111111111000000000
0000001000000100001000000000
0000001000000100001000000000
0000001000000100001000000000
0000001111111111111100000000
0000001000001000001000000000
0000001000001000001000000000
0000001111111111111100000000
0000001100001000000000000000
0000000100001000000000000000
0000000000001000000000000000
0000000000001000000000000000
0000000000001000000000000000
0000000000001000000000000000
0000000000001000000000000000
0000000000001000000000000000
0000000000001000000000000000
0000000000000000000000000000
0000000000000000000000000000
