0000000000000000000000000000
0000000000000000000000000000
0000000000000100000000000000
0000000000000100000000000000
0000000000000100000000000000
0000000000000100000000000000
0000000000000100000000000000
0000000000001100000000000000
0000000000001000000000000000
0000010111111111110000000000
0000011100001000011110000000
0000010000001000000010000000
0000010000011000000011000000
0000010000010000000001000000
0000010000010000000001000000
0000010011010000000001000000
0000010000111111110001000000
0000010000100000000001000000
0000010000100000000001000000
0000011000100000000011000000
0000000000100000000010000000
0000000111111111111110000000
0000000000100000000000000000
0000000000100000000000000000
0000000000100000000000000000
0000000000100000000000000000
0000000000010000000000000000
0000000000010000000000000000
