0100101001001010010100100101
0101000101010001010010010100
0100110100101010101001010010
0101001010010101000101001010
0100100101001010101010101001
0101010001010101010010010100
0100101010101010101001001010
0010010100101101001010100101
1010100010110111110101010010
0100101101010100101010010100
0010010101001110101001001010
1010100110100100110101010010
0100101010101110010100101001
0010100101011011110101001010
1010010101010101010010100101
0101010011010101010100101000
0010001010101110110101010101
1001101001110101010010001010
0100010101001101010101010001
0101010010101010100100101010
0101001001010100010101001010
0100101010010101010010101001
0101010101001010101001001010
0100100010101101001010100100
0101010100010100101001010010
0100010010101010100100101010
0101001010100101010101001001
0100101001010100010010100101
