0000000000000000000000000000
0000000000000000000000000000
0000000000000000000000000000
0000000000000000000000000000
0000000000000010000000000000
0000000000000010000000000000
0000000000000010000000000000
0000000000000010000000000000
0000000011111111111111000000
0000000010000010000001000000
0000000010000010000001000000
0000000010000010000001000000
0000000010011111110001000000
0000000010000010000010000000
0000000001000010000010000000
0000000010000010000010000000
0000000001000010000100000000
0000000001111111111100000000
0000000000000010000000000000
0000000000000010000000000000
0000000000000010000000000000
0000000000000010000000000000
0000000000000010000000000000
0000000000000010000000000000
0000000000000010000000000000
0000000000000000000000000000
0000000000000000000000000000
0000000000000000000000000000
