0000000000000000000000000000
0000000000000000000000000000
0000000000001000000000000000
0000000000001000000000000000
0000000000001000000000000000
0000000000001000000000000000
0000001111111111110000000000
0000001000001000010000000000
0000001000001000010000000000
0000001000001000010000000000
0000001000010000010000000000
0000001000010000010000000000
0000001111111111110000000000
0000011000001000010000000000
0000010000001000010000000000
0000010000001000010000000000
0000010000001000010000000000
0000010111001111110000000000
0000011001111100010000000000
0000000000001000000000000000
0000000000001000000000000000
0000000000001000000000000000
0000000000001000000000000000
0000000000001000000000000000
0000000000001000000000000000
0000000000001000000000000000
0000000000001000000000000000
0000000000001000000000000000
