0000000000000000000000000000
0000000000001110000000000000
0000000000001110000000000000
0000000000001110000000000000
0000000000001110000000000000
0000000000001110000000000000
0000111111111111111101110000
0000111111111111111111110000
0000111111111111111111110000
0000111111001110011111110000
0000111000001110000011110000
0000111000001110000011110000
0000111000001110000011100000
0000111000001110001111100000
0000111111111111111111100000
0000111111111111111111100000
0000111111111111111111100000
0000111000000111000011100000
0000111000000111000011100000
0000111000000111000011100000
0000111111111111111111100000
0000111111111111111111100000
0000111111111111111111000000
0000000000000111000000000000
0000000000000111000000000000
0000000000000111000000000000
0000000000000111000000000000
0000000000000111000000000000
