0000000000000000000000000000
0000000000000000000000000000
0000000000000000100000000000
0000000000000000100000000000
0000000000000000100000000000
0000000000000000100000000000
0000000000000000100000000000
0000000000000000100000000000
0000011111111111111110000000
0000011000000001100010000000
0000001000000001000010000000
0000001000000001000010000000
0000001000000001000010000000
0000001011111111111111000000
0000001000000010000010000000
0000001000000010000010000000
0000000000000010000010000000
0000000000000010000010000000
0000000011111111111110000000
0000000000000010000000000000
0000000000000100000000000000
0000000000000100000000000000
0000000000000100000000000000
0000000000000100000000000000
0000000000001100000000000000
0000000000001000000000000000
0000000000001000000000000000
0000000000000000000000000000
