0000000000000000000000000000
0000000000000000000000000000
0000000000001100000000000000
0000000000001100000000000000
0000000000001100000000000000
0000000000001100000000000000
0000000000001100000000000000
0000011111111111111110000000
0000111111111111111111000000
0000110000000110000011100000
0000110000000110000011000000
0000110000000110000011000000
0000110000000110000011000000
0000110000011111111111000000
0000111111111111111111000000
0000111111110110000111000000
0000011000000110000011000000
0000011000000110000011000000
0000011000000110000011000000
0000011000000110000011000000
0000111011111111110011000000
0000111111111111111111000000
0000111110000110011111000000
0000000000000110000000000000
0000000000000110000000000000
0000000000000110000000000000
0000000000000110000000000000
0000000000000110000000000000
