0000000000000000000000000000
0000000000000000000000000000
0000111111111111111000000000
0000111111111111111100000000
0000111111111111111100000000
0000111000000000011100000000
0000111000000000011100000000
0000111000000000011100000000
0000111000000000011100000000
0000111000000000011100000000
0000111000000000011100000000
0000111000000000011100000000
0001111000000011111100000000
0001111111111111111100000000
0001111111111111111100000000
0001111111111111011100000000
0001110000000000011100000000
0001110000000000011100000000
0001110000000000011100000000
0001110000000000011100000000
0001110000000000011100000000
0001110000000000111100000000
0001110011111111111100000000
0001111111111111111100000000
0001111111111111111000000000
0001111111100011111000000000
0001110000000000111000000000
0000000000000000000000000000
