0000000000000000000000000000
0000000000000000000000000000
0000000000000000000000000000
0000000000010000000000000000
0000000000010000000000000000
0000000000010000000000000000
0000011111111111100000000000
0000010000010000011000000000
0001000000010000001000000000
0001000000010000001000000000
0001000000010000001000000000
0001000000010000001000000000
0001001110100000001000000000
0001000001111111101000000000
0001000000100000001000000000
0001000000100000001000000000
0001000000100000001000000000
0001111111111111111111100000
0000000000100000001000000000
0000000000100000000000000000
0000000001000000000000000000
0000000001000000000000000000
0000000001000000000000000000
0000000001000000000000000000
0000000001000000000000000000
0000000000000000000000000000
0000000000000000000000000000
0000000000000000000000000000
