0000000000000000000000000000
0000000000000000000000000000
0000000000000000000000000000
0000000000100000000000000000
0000000000100000000000000000
0000000000100000000000000000
0000000000100000000000000000
0000000000100000000000000000
0000001111111111100000000000
0000001000100000100000000000
0000001000100000100000000000
0000001000100000100000000000
0000001000100000100000000000
0000001000100000100000000000
0000001111111100100000000000
0000001000100000100000000000
0000001000100000100000000000
0000001000100000100000000000
0000001100100000100000000000
0000000100101111110000000000
0000000001110000000000000000
0000000000100000000000000000
0000000000100000000000000000
0000000000100000000000000000
0000000000100000000000000000
0000000000100000000000000000
0000000000100000000000000000
0000000000100000000000000000
