0000000001110000000000000000
0000000001110000000000000000
0000000001110000000000000000
0000000001110000000000000000
0000000001110000000000000000
0000111111111111111100000000
0001111111111111111110000000
0011111111111111111110000000
0111000001110000001110000000
0111100001110000001110000000
0011100001110000001110000000
0011100001110000011110000000
0011100001111000011110000000
0011101111111100011100000000
0011111111111100011100000000
0011101111110000011100000000
0011100011100000011100000000
0011111111111111111100000000
0011111111111111111000000000
0001111111111111111000000000
0000000011100000000000000000
0000000011100000000000000000
0000000011100000000000000000
0000000011100000000000000000
0000000011100000000000000000
0000000011110000000000000000
0000000001110000000000000000
0000000001110000000000000000
