0000000000000000000000000000
0000000000000000000000000000
0000000000000010000000000000
0000000000000111000000000000
0000000000000111000000000000
0000000000000111000000000000
0000000111111111111111111000
0000001111111111111111111100
0000011111111111111111111100
0000011100000111000000111100
0000011110000111000000111100
0000001110111111111001111000
0000001111111111111111111000
0000001111111111111111100000
0000000111001110000111100000
0000000111111111111111100000
0000000001111111111110000000
0000000011111111111100000000
0000000001101110000000000000
0000000000001110000000000000
0000000000001110000000000000
0000000000001110000000000000
0000000000001110000000000000
0000000000001110000000000000
0000000000001110000000000000
0000000000001110000000000000
0000000000001110000000000000
0000000000000110000000000000
