0000000000000000000000000000
0000000000000000000000000000
0000000000000010000000000000
0000000000000010000000000000
0000000000000010000000000000
0000000000000010000000000000
0000000000000011111111000000
0000000011111110000001000000
0000001110000010000001000000
0000001000000010000001000000
0000001000000010000001000000
0000001000000010011111100000
0000001001111111100001000000
0000001001100010000001000000
0000001000000010000001000000
0000001000000010000011000000
0000001000000010000010000000
0000000000000010011110000000
0000000111111111100000000000
0000000000000010000000000000
0000000000000010000000000000
0000000000000010000000000000
0000000000000010000000000000
0000000000000010000000000000
0000000000000010000000000000
0000000000000010000000000000
0000000000000010000000000000
0000000000000010000000000000
