0000000000010000000000000000
0000000000010000000000000000
0000000000010000000000000000
0000000000010000000000000000
0000000000010000000000000000
0000000000010000000000000000
0000000000010000000000000000
0000000000010000000000000000
0010000001111111100000000000
0011111110010000110000000000
0010000000010000010000000000
0010000000010000010000000000
0001000000010000010000000000
0001000000010000010000000000
0011111111111111110000000000
0001000000010000010000000000
0001000000010000010000000000
0001000000010000010000000000
0000001111111111010000000000
0000000000010000010000000000
0000000000010000000000000000
0000000000001000000000000000
0000000000001000000000000000
0000000000001000000000000000
0000000000001000000000000000
0000000000001000000000000000
0000000000001000000000000000
0000000000000000000000000000
