0000000000000000000000000000
0000000000000000000000000000
0000000000000000000000000000
0000000000000000000000000000
0000000000000000000000000000
0000000000000000000000000000
0000000100000000000000000000
0000000100000000000000000000
0000000100000000000000000000
0000000100000000000000000000
0000000100000000000000000000
0001011111111000000000000000
0001110010001000000000000000
0001000010001000000000000000
0001111111111100000000000000
0000100010000100000000000000
0000100001000100000000000000
0001100001000100000000000000
0001000001111100000000000000
0001111111100000000000000000
0000000001000000000000000000
0000000001000000000000000000
0000000000100000000000000000
0000000000100000000000000000
0000000000100000000000000000
0000000000100000000000000000
0000000000000000000000000000
0000000000000000000000000000
