0000000000000000000000000000
0000000000110000000000000000
0000000000110000000000000000
0000000000110000000000000000
0000000000110000000000000000
0000000001111111100000000000
0000000011111111110000000000
0000001100110000110000000000
0000001100110000110000000000
0000001100111111110000000000
0000001111111111110000000000
0000011111110000110000000000
0000011000111000110000000000
0000011000011000110000000000
0000011000011000110000000000
0000011111111111110000000000
0000011111111111100000000000
0000000000011000000000000000
0000000000011000000000000000
0000000000111000000000000000
0000000000110000000000000000
0000000000110000000000000000
0000000000110000000000000000
0000000000110000000000000000
0000000000110000000000000000
0000000000110000000000000000
0000000000110000000000000000
0000000000000000000000000000
