0000000000000000000000000000
0000000000000000000000000000
0000000000000010000000000000
0000000000000010000000000000
0000000000000100000000000000
0000000000000100000000000000
0000000000000100000000000000
0000000000000100000000000000
0000000010011111110000000000
0000000011110100010000000000
0000000010000100010000000000
0000000010000100010000000000
0000000010000100010000000000
0000000001011111010000000000
0000000001010100010000000000
0000000001000100010000000000
0000000001000100010000000000
0000000001000100010000000000
0000000001111111110000000000
0000000000000100000000000000
0000000000000100000000000000
0000000000000100000000000000
0000000000000100000000000000
0000000000000100000000000000
0000000000000100000000000000
0000000000000100000000000000
0000000000000100000000000000
0000000000000100000000000000
