0000000000000000000000000000
0000000000000000000000000000
0000000000000100000000000000
0000000000000100000000000000
0000000000000110000000000000
0000000000000010000000000000
0000000001111111111000000000
0000000110000010001000000000
0000000100000010001000000000
0000000100000010001000000000
0000000110000010001000000000
0000000010000010001000000000
0000000011111111111000000000
0000000010000010001000000000
0000000010000010001000000000
0000000010000100001000000000
0000000010000100011000000000
0000000011111111110000000000
0000000000000100000000000000
0000000000000100000000000000
0000000000000100000000000000
0000000000000110000000000000
0000000000000010000000000000
0000000000000010000000000000
0000000000000010000000000000
0000000000000010000000000000
0000000000000010000000000000
0000000000000000000000000000
