0000000000000100000000000000
0000000000000100000000000000
0000000000000100000000000000
0000000000000100000000000000
0000000000000100000000000000
0000000000000100000000000000
0000000000000100000000000000
0000001111000100000000000000
0000000001111111111000000000
0000000000000100001000000000
0000000000000100001000000000
0000100000000100001000000000
0000100001111111001000000000
0000110000001000011000000000
0000010000001000010000000000
0000010000001000110000000000
0000001011111100100000000000
0000001000001111100000000000
0000000000001000000000000000
0000000000001000000000000000
0000000000011000000000000000
0000000000010000000000000000
0000000000010000000000000000
0000000000010000000000000000
0000000000010000000000000000
0000000000010000000000000000
0000000000010000000000000000
0000000000000000000000000000
