0000000000000000000000000000
0000000000000000000000000000
0000000000000000000000000000
0000000000000000000000000000
0000000000000000000000000000
0000000000111000000000000000
0000000000111000000000000000
0000000000111000000000000000
0000000000111000000000000000
0000000000111111111111111000
0001110000111111111111111000
0001110000111111111111111000
0001110000111000000000111000
0001110000111000000000111000
0001111111111111111000111000
0001111111111111111111111000
0001111111111111111111111000
0001111000111000111111111000
0001111111111111100011111000
0000111111111111100111110000
0000111111111111101111110000
0000000000111000001111100000
0000000000111000001111000000
0000000000111000000000000000
0000000000111000000000000000
0000000000111000000000000000
0000000000111000000000000000
0000000000111000000000000000
