0000000000000000000000000000
0000000000000000000000000000
0000000000000000000000000000
0000000000000000000000000000
0000000000010000000000000000
0000000000010000000000000000
0000000000010000000000000000
0000000000010000000000000000
0000000011111111100000000000
0000010000010000110000000000
0000010000110000011000000000
0000010000100000001000000000
0000010000100000001000000000
0000010000100000001000000000
0000011111111111001000000000
0000010000100000001000000000
0000010000100000001000000000
0000011000100000011100000000
0000001111111111111100000000
0000000000100000000000000000
0000000000100000000000000000
0000000000100000000000000000
0000000000100000000000000000
0000000000100000000000000000
0000000000100000000000000000
0000000000100000000000000000
0000000000100000000000000000
0000000000000000000000000000
