0000000000000000000000000000
0000000000000000000000000000
0000000000000000000000000000
0000000000000000000000000000
0000000000000000000000000000
0000000000001000000000000000
0000000000000100000000000000
0000000000000100000000000000
0000000000000100000000000000
0000000010111110111000000000
0000001101000100000100000000
0000000100000100000100000000
0000001000000100000100000000
0000000100000100000100000000
0000000100000100000100000000
0000000100111111000100000000
0000000100000100001100000000
0000000100000100000100000000
0000000100000010000100000000
0000000100100110100100000000
0000000011111110100000000000
0000000000000010000000000000
0000000000000010000000000000
0000000000000010000000000000
0000000000000010000000000000
0000000000000010000000000000
0000000000000100000000000000
0000000000000000000000000000
