0000000000000011100000000000
0000000000000011100000000000
0000000000000011100000000000
0000000000000011100000000000
0000000000000011100000000000
0000000000000011100000000000
0000000001011011111110000000
0000000111111111111111000000
0000000111000011000011100000
0000000110000011100001000000
0000000110000011000001100000
0000000110000001000011000000
0000000110101111111111100000
0000000111111111111111000000
0000000111010011000001000000
0000000110000011000011100000
0000000110000001100011000000
0000000101011111111111000000
0000000011111111111111000000
0000000000000011000000000000
0000000000000001100000000000
0000000000000011000000000000
0000000000000001100000000000
0000000000000011000000000000
0000000000000001000000000000
0000000000000011100000000000
0000000000000000000000000000
0000000000000000000000000000
