0000000000000000000000000000
0000000000001100000000000000
0000000000000100000000000000
0000000000000100000000000000
0000000000000100000000000000
0000001111111100000000000000
0000000000000111111111100000
0000010000000100000000111000
0000010000000100000000001000
0000011000000100000000001000
0000001000000100000000001000
0000001000000100000000011000
0000001001111111110000010000
0000001000001100000000110000
0000001000001000000000100000
0000001000001000000001100000
0000001000001000000001000000
0000001000001000001010000000
0000000011111111111000000000
0000000000001000000000000000
0000000000001000000000000000
0000000000001000000000000000
0000000000001000000000000000
0000000000001000000000000000
0000000000001000000000000000
0000000000001000000000000000
0000000000001000000000000000
0000000000000000000000000000
