0000000000000000000000000000
0000000000000000000000000000
0000000000000000000000000000
0000000000000100000000000000
0000000000000100000000000000
0000000000000100000000000000
0000000000000010000000000000
0000000000000010000000000000
0000000000000010000000000000
0000001000000010000000000000
0000001000111111111100000000
0000001111000001000110000000
0000001000000001000011000000
0000000100000001000001000000
0000000100000001000001000000
0000000100011111111001000000
0000000100010001000001000000
0000000100000001000001000000
0000000100000001000011000000
0000000100000001000010000000
0000000100000011110110000000
0000000110111111000100000000
0000000010000001000000000000
0000000000000001000000000000
0000000000000001000000000000
0000000000000001000000000000
0000000000000001000000000000
0000000000000011000000000000
