0000000000000011100000000000
0000000000000011100000000000
0000000000000011100000000000
0000000000000011100000000000
0000010000000011100000000000
0000111111111111111111100000
0000111111111111111111110000
0000111111111111111111110000
0000111000000011100001110000
0000111000000011100001110000
0000111000000011100001110000
0000111000011111111001110000
0000111000111111111101110000
0000111001111111111101110000
0000111001110011100001110000
0000111000000011100001110000
0000111000000011100001110000
0000111100000011100011110000
0000111111111111111111100000
0000011111111111111111100000
0000001111111111111111100000
0000000000000011100000000000
0000000000000011100000000000
0000000000000011100000000000
0000000000000011100000000000
0000000000000011100000000000
0000000000000011100000000000
0000000000000011100000000000
