0000000000000000000000000000
0000000000000000000000000000
0000000000001000000000000000
0000000000011100000000000000
0000000000011110000000000000
0000000000001110000000000000
0000000000001110000000000000
0000011111111111111110000000
0001111111111111111111000000
0001111111111111111111000000
0001111000001110000111000000
0001110000001110000111000000
0001110000001110000111000000
0001110111111111111111000000
0001111111111111111111000000
0001110111111111111110000000
0001110000001110001110000000
0001110000001110001110000000
0001111111111111111110000000
0001111111111111111110000000
0000111111111111111000000000
0000000000001110000000000000
0000000000001110000000000000
0000000000001110000000000000
0000000000001110000000000000
0000000000001110000000000000
0000000000001110000000000000
0000000000001110000000000000
