0000000000000000000000000000
0000000000000000000000000000
0000000000000011000000000000
0000000000000010000000000000
0000000000000010000000000000
0000000110000010000000000000
0000001001110010000000000000
0000001000011111111100000000
0000001000000010000100000000
0000001000000010000100000000
0000001000000010000100000000
0000001000000010000100000000
0000001000000010000100000000
0000001001111111111111100000
0000001000000010000100000000
0000001000000010000100000000
0000000000000010000100000000
0000000111111111111100000000
0000000000000010000000000000
0000000000000010000000000000
0000000000000010000000000000
0000000000000010000000000000
0000000000000010000000000000
0000000000000010000000000000
0000000000000000000000000000
0000000000000000000000000000
0000000000000000000000000000
0000000000000000000000000000
