0000000000000000000000000000
0000000000000010000000000000
0000000000000010000000000000
0000000000000010000000000000
0000000000000010000000000000
0000000000000010000000000000
0000000000011111111000000000
0000000111110010001100000000
0000000100000010000110000000
0000000100000010000010000000
0000000100000010000010000000
0000000100000010000010000000
0000000100000010000010000000
0000000111111111111110000000
0000000100000010000010000000
0000000100000010000010000000
0000000010000010000010000000
0000000010000010000010000000
0000000010000010000010000000
0000000010000011111110000000
0000000011111110000000000000
0000000000000010000000000000
0000000000000010000000000000
0000000000000010000000000000
0000000000000010000000000000
0000000000000010000000000000
0000000000000010000000000000
0000000000000010000000000000
