0000000000001100000000000000
0000000000000110000000000000
0000000000000110000000000000
0000000000000110000000000000
0000000000000110000000000000
0000000000010111111100000000
0000000011111111111110000000
0000011111110110000110000000
0000011100000110000110000000
0000001100000110000110000000
0000000110001111111110000000
0000000111111111111100000000
0000000111110110001110000000
0000000110000110001100000000
0000000110000110001100000000
0000000111000110101100000000
0000000111111111111000000000
0000000011111111011000000000
0000000000000110000000000000
0000000000000110000000000000
0000000000000110000000000000
0000000000000110000000000000
0000000000000110000000000000
0000000000000110000000000000
0000000000000110000000000000
0000000000000000000000000000
0000000000000000000000000000
0000000000000000000000000000
