0000000000000000000000000000
0000000000000000000000000000
0000000000000000000000000000
0000000000000000000000000000
0000000000000000000000000000
0000000000111000000000000000
0000000000111000000000000000
0000000000111000000000000000
0000000000111000000000000000
1111000011111111111000000000
1111000011111111111000000000
1111100011111111111000000000
0111110000111000111000000000
0111110000111000111000000000
0011110000111000111000000000
0001111000111000111000000000
0001111000111001111000000000
0001111111111111111000000000
0000111111111111111000000000
0000111111111111110000000000
0000111100111111100000000000
0000111111111111100000000000
0000011111111111000000000000
0000011111111000000000000000
0000000000111000000000000000
0000000000111000000000000000
0000000000111000000000000000
0000000000111100000000000000
