0000000000000000000000000000
0000000000000000000000000000
0000000000000000000000000000
0000000000000100000000000000
0000000000000100000000000000
0000000000000100000000000000
0000000000000100000000000000
0000011111111111111000000000
0000001000000100001111000000
0000001000000100000001000000
0000001000000100000001000000
0000001000000100000001000000
0000001001111111000001000000
0000001000000101000011000000
0000001000001100000010000000
0000001000001000000010000000
0000001000001000000110000000
0000001000001001111110000000
0000001011111111111000000000
0000000000001000000000000000
0000000000001000000000000000
0000000000001000000000000000
0000000000001000000000000000
0000000000001000000000000000
0000000000001000000000000000
0000000000001000000000000000
0000000000001000000000000000
0000000000001000000000000000
