0000000000000000000000000000
0000000000000000000000000000
0000000000000000000000000000
0000000000000000000000000000
0000000000000100000000000000
0000000000000100000000000000
0000000000000100000000000000
0000000000000100000000000000
0000000001111111011000000000
0000000100000100101000000000
0000000010001100000100000000
0000000010000100001000000000
0000000010111111110100000000
0000000010000100001000000000
0000000010000100001000000000
0000000010000100001000000000
0000000000001100001000000000
0000000001111111100000000000
0000000000000100000000000000
0000000000000100000000000000
0000000000000100000000000000
0000000000000100000000000000
0000000000000100000000000000
0000000000000100000000000000
0000000000000000000000000000
0000000000000000000000000000
0000000000000000000000000000
0000000000000000000000000000
