0000000000000001100000000000
0000000000000001100000000000
0000000000000001100000000000
0000000000000001100000000000
0000000000000001100000000000
0000000000000001100000000000
0000000001011111111111100000
0000000111111111111111100000
0000000110000001000001100000
0000000110000001100001100000
0000000110000001000001100000
0000000110000001100001100000
0000000110101111111111100000
0000000111111111111111100000
0000000110000001000001100000
0000000110000001100001100000
0000000110000001000001100000
0000000110111111111111100000
0000000111111111111111100000
0000000000000001000000000000
0000000000000001100000000000
0000000000000001000000000000
0000000000000001100000000000
0000000000000001000000000000
0000000000000001100000000000
0000000000000001000000000000
0000000000000000000000000000
0000000000000000000000000000
