0000000000001110000000000000
0000000000001110000000000000
0000000000001110000000000000
0000000000001110000000000000
0000000000001110000000000000
0000000000001110000000000000
0000000111111111111100000000
0000011111111111111111000000
0000111111111111111111100000
0000011100001110000011000000
0000011100001110000111100000
0000011101111111111111000000
0000011111111111111111000000
0000011111111111111111000000
0000001110001110000111000000
0000001110001110001110000000
0000001110101110101110000000
0000001111111111111110000000
0000001111111111111100000000
0000000010101110100000000000
0000000000001110000000000000
0000000000001110000000000000
0000000000011100000000000000
0000000000001110000000000000
0000000000011100000000000000
0000000000011100000000000000
0000000000001110000000000000
0000000000011100000000000000
