0000000000000000000000000000
0000000000000000000000000000
0000000000000000000000000000
0000000000000000000000000000
0000000000000000000000000000
0000000000001000000000000000
0000000000001000000000000000
0000001111111111110000000000
0000001000001000010000000000
0000001000001000010000000000
0000001000001000010000000000
0000000100001000010000000000
0000000101111111110000000000
0000000101001000100000000000
0000000100001000100000000000
0000000100001011100000000000
0000000101111110000000000000
0000000000001000000000000000
0000000000001000000000000000
0000000000001000000000000000
0000000000001000000000000000
0000000000001000000000000000
0000000000001000000000000000
0000000000001000000000000000
0000000000001000000000000000
0000000000001000000000000000
0000000000001000000000000000
0000000000000000000000000000
