0000000000000000000000000000
0000000000000000000000000000
0000000000010000000000000000
0000000000010000000000000000
0000000000010000000000000000
0000000000010000000000000000
0000000000010000000000000000
0000000011111111000000000000
0000001000010001000000000000
0000001000010001000000000000
0000001000010001000000000000
0000001000011101000000000000
0000001111110001000000000000
0000001000100011000000000000
0000000000100010000000000000
0000000000100011000000000000
0000000111111110000000000000
0000000000100000000000000000
0000000000100000000000000000
0000000000100000000000000000
0000000000100000000000000000
0000000000100000000000000000
0000000000100000000000000000
0000000000000000000000000000
0000000000000000000000000000
0000000000000000000000000000
0000000000000000000000000000
0000000000000000000000000000
