0000000000000100000000000000
0000000000000100000000000000
0000000000000100000000000000
0000000000000100000000000000
0000000000000100000000000000
0000000001100100000000000000
0000001110011111111000000000
0000001000000100001000000000
0000001000000100010000000000
0000010000000100010000000000
0000010000000100010000000000
0000010000000100010000000000
0000011111111111111100000000
0000011000000100010000000000
0000110000000100010000000000
0000110000000100010000000000
0000110000000100010000000000
0000000111111100000000000000
0000000100000100000000000000
0000000000000100000000000000
0000000000000100000000000000
0000000000000100000000000000
0000000000000100000000000000
0000000000000100000000000000
0000000000000100000000000000
0000000000001000000000000000
0000000000001000000000000000
0000000000001000000000000000
