0000000000000000000000000000
0000000000000100000000000000
0000000000000100000000000000
0000000000000100000000000000
0000000000000100000000000000
0000000111101101001000000000
0000000100010111110100000000
0000000100000100000100000000
0000000100000010000100000000
0000000100000100000010000000
0000000100000100000100000000
0000000100000100000100000000
0000000010111111110100000000
0000000010000100000100000000
0000000010000100000100000000
0000000010000010000100000000
0000000000000100000100000000
0000000000000110001000000000
0000000001111111110000000000
0000000000000010000000000000
0000000000000010000000000000
0000000000000010000000000000
0000000000000100000000000000
0000000000000010000000000000
0000000000000000000000000000
0000000000000000000000000000
0000000000000000000000000000
0000000000000000000000000000
