0000000000000000000000000000
0000000000000000000000000000
0000000000001000000000000000
0000000000001000000000000000
0000000000001000000000000000
0000000000001000000000000000
0000000000001000000000000000
0000011111111111110000000000
0000100000001000010000000000
0000000000001000010000000000
0000110000001000010000000000
0000011111111110010000000000
0000010000001000010000000000
0000011000001000010000000000
0000001000001000100000000000
0000001000010000100000000000
0000000000010000100000000000
0000000111111111100000000000
0000000000010000000000000000
0000000000010000000000000000
0000000000100000000000000000
0000000000100000000000000000
0000000000100000000000000000
0000000000100000000000000000
0000000000100000000000000000
0000000000100000000000000000
0000000000000000000000000000
0000000000000000000000000000
