0000000000000000000000000000
0000000000000011000000000000
0000000000000010000000000000
0000000000000010000000000000
0000000000000100000000000000
0000000000000100000000000000
0000000000000100000000000000
0000000000000100000000000000
0011111111111111111110000000
0011100000000100000011000000
0000100000000100000001000000
0000010000000100000001000000
0000010000001000000001000000
0000010000001000000001000000
0000010000001000000001000000
0000001011111111111111000000
0000001000001000000001000000
0000001000001000000001000000
0000001000001000000001000000
0000001011111111111101000000
0000001000001000000000000000
0000001000001000000000000000
0000000000001000000000000000
0000000000001000000000000000
0000000000001000000000000000
0000000000001000000000000000
0000000000001000000000000000
0000000000001000000000000000
