0000000000000000000000000000
0000000000000000000000000000
0000000000000000000000000000
0000000000000000000000000000
0000000000000000000000000000
0000000000000000000000000000
0000000000001000000000000000
0000000000001000000000000000
0000000000001100000000000000
0000000000000100000000000000
0000000111111111100000000000
0000000010000100111000000000
0000000010000100001000000000
0000000010001111111000000000
0000000010110100011000000000
0000000010011111111000000000
0000000111110100010000000000
0000000010000100000000000000
0000000000000100000000000000
0000000000000100000000000000
0000000000000100000000000000
0000000000000100000000000000
0000000000000100000000000000
0000000000000100000000000000
0000000000000000000000000000
0000000000000000000000000000
0000000000000000000000000000
0000000000000000000000000000
