0000000000000000000000000000
0000000000001000000000000000
0000000000011100000000000000
0000000000011100000000000000
0000000000011100000000000000
0000000000111100000000000000
0000011111111111110000000000
0001111111111111111100000000
0011111111111111111100000000
0011100000111000011100000000
0011100000111000011100000000
0011100000111111111100000000
0011101111111111111100000000
0011111111111111111100000000
0011101111111000011100000000
0011100000111000011100000000
0011100000111111111110000000
0011100001111111111111000000
0001101111111111111111000000
0000011111111100000000000000
0000111111111000000000000000
0000111100111000000000000000
0000000000111000000000000000
0000000000111000000000000000
0000000000111000000000000000
0000000000111000000000000000
0000000000111000000000000000
0000000000111000000000000000
