0000000000000000000000000000
0000000000000000000000000000
0000000000000000000000000000
0000000000000000000000000000
0000000000000000000000000000
0000000000000000000000000000
0000000001001000000000000000
0000000000000000000000000000
0000000000000000000000000000
0000000000000000000000000000
0000000001000010000000000000
0000000000000000000000000000
0000001000100000000000000000
0000000000000100000000000000
0000000001000000000000000000
0000000000000000000000000000
0000000000000000000000000000
0000000000100000000000000000
0000000000000000000000000000
0000000000000000000000000000
0000000000000000000000000000
0000000000000000000000000000
0000000000000000000000000000
0000000000100000000000000000
0000000000000000000000000000
0000000000000000000000000000
0000000000000000000000000000
0000000000000000000000000000
