0000000000000000000000000000
0000000011000000000000000000
0000000011100000000000000000
0000000001000000000000000000
0011111111111111000000000000
0001111111111111100000000000
0011000011000001000000000000
0011111011111011100000000000
0001111111111111000000000000
0011000011000001100000000000
0011000001000011000000000000
0001111111111111100000000000
0011111111111111000000000000
0011000011000001000000000000
0000000001000000000000000000
0000000011100000000000000000
0000000011000000000000000000
0000000011000000000000000000
0000000000000000000000000000
0000000000000000000000000000
0000000000000000000000000000
0000000000000000000000000000
0000000000000000000000000000
0000000000000000000000000000
0000000000000000000000000000
0000000000000000000000000000
0000000000000000000000000000
0000000000000000000000000000
