0000000000000000000000000000
0000000000000000000000000000
0000000001000000000000000000
0000000011000000000000000000
0000000001001010000000000000
0001111111111111000000000000
0001100001000001000000000000
0001000011000011000000000000
0001101011111111000000000000
0001111111000010000000000000
0000100001000011000000000000
0001100001000010000000000000
0000111111111111000000000000
0000100011000010000000000000
0000000001000000000000000000
0000000011000000000000000000
0000000001000000000000000000
0000000011000000000000000000
0000000000000000000000000000
0000000000000000000000000000
0000000000000000000000000000
0000000000000000000000000000
0000000000000000000000000000
0000000000000000000000000000
0000000000000000000000000000
0000000000000000000000000000
0000000000000000000000000000
0000000000000000000000000000
