0000000000000000000000000000
0000000000000000000000000000
0000000000000001000000000000
0000000000000000100000000000
0000000000000001000000000000
0000000000000001000000000000
0000000000000000100000000000
0000000000000001000000000000
0000000001111111111100000000
0000000001000001000100000000
0000000001000001000100000000
0000000001000000100100000000
0000000001010101110100000000
0000000001101011001100000000
0000000000100001000100000000
0000000000100001000100000000
0000000000100000100100000000
0000000000011011101111000000
0000000000000101101000100000
0000000000000000100000000000
0000000000000000100000000000
0000000000000001000000000000
0000000000000000100000000000
0000000000000000100000000000
0000000000000000000000000000
0000000000000000000000000000
0000000000000000000000000000
0000000000000000000000000000
