0000000000000000000000000000
0000000000001000000000000000
0000000000011100000000000000
0000000000011100000000000000
0000000000011100000000000000
0000011111111111111110000000
0000111111111111111111000000
0000011111111111111111000000
0000001000011100000111000000
0000011100011100000111000000
0000011100011110000111000000
0000011111111111111111000000
0000011111111111111111000000
0000011111111111111111000000
0000011100001110001111000000
0000011100001110000111000000
0000011100001110000111000000
0000001111111111111110000000
0000001111111111111110000000
0000001111111111111110000000
0000000000000111000000000000
0000000000000111000000000000
0000000000000111000000000000
0000000000000111000000000000
0000000000000111000000000000
0000000000000111000000000000
0000000000000111000000000000
0000000000000011000000000000
