0000000000000000000000000000
0000000000000001000000000000
0000000000000001000000000000
0000000000000001000000000000
0000000000000001000000000000
0000000000000001000000000000
0000000000000001000000000000
0000000111000001000000000000
0000001001111111111111000000
0000001000000001100001100000
0000001000000000110000100000
0000001001111111111110100000
0000001000000000100000100000
0000001000000000100001000000
0000000000001111111111000000
0000000111111000100010000000
0000000000000000100000000000
0000000000000000100000000000
0000000000000000100000000000
0000000000000000100000000000
0000000000000000100000000000
0000000000000000100000000000
0000000000000000100000000000
0000000000000000100000000000
0000000000000000100000000000
0000000000000000100000000000
0000000000000000100000000000
0000000000000000000000000000
