0000000000000000000000000000
0000000000000000000000000000
0000000000110000000000000000
0000000000111000000000000000
0000000000011000000000000000
0000001111111111000000000000
0000001111111111100000000000
0000001100011001100000000000
0000001100011101100000000000
0000001100011111110000000000
0000001100111111110000000000
0000001101111100110000000000
0000000000001100110000000000
0000000000001100110000000000
0000000011111111110000000000
0000000111111111110000000000
0000000000000110000000000000
0000000000000110000000000000
0000000000000110000000000000
0000000000000110000000000000
0000000000000110000000000000
0000000000000111000000000000
0000000000000011000000000000
0000000000000011000000000000
0000000000000011000000000000
0000000000000000000000000000
0000000000000000000000000000
0000000000000000000000000000
