0000000000001100000000000000
0000000000001100000000000000
0000000000001100000000000000
0000000000001100000000000000
0000011111111111111111100000
0000111111111111111111110000
0000000000000110000000111000
0000000000000110000000011000
0000110000000110000000011000
0000110000000110000000011000
0000110000000110000000011000
0000110000000111111111111000
0000111111111111111111111000
0000111111111111000000011000
0000011000000110000000011000
0000011000000110000000011100
0000011000000110000000001100
0000011000000110000000001100
0000011011000110000000001100
0000011111111111111111111100
0000011111111111111111110000
0000000000001100000000000000
0000000000001100000000000000
0000000000001100000000000000
0000000000001100000000000000
0000000000001100000000000000
0000000000000000000000000000
0000000000000000000000000000
