0100100100100100100100100100
0010101010010101010010010010
1010010011101001001010101001
0001001000110100101001001010
1010101010010101001010100100
0100100101011001010010010010
0010010010011010010101001001
1010101001011001001000101010
0010001010011010100110010001
1001010001011001010101001010
0100100100101010010110101001
0010010011111111110100100100
1001001010101000010110010010
0100100110011011001101010101
0010010101001001110110100100
1001001101111111001010010010
0100100100001001010110101001
0010010101011101001001000100
1001001110110111111100101010
0100101010101100010010100100
0010010001001101001010010010
1001001010010101010001001001
0100100100101100101010100100
0010010010000110010010010010
1001001001010110101001001001
0100100100101010010100100100
0010010010001001000010010010
1001001001010100101001001001
