0000000000000011000000000000
0000000000000011000000000000
0000000000000011000000000000
0000000000000011011111111100
0000000011111111111111111110
0000001111111111110000000110
0000011110000011000000000110
0000011000000011000000001110
0000011000000011000000001100
0000011000000011000000001100
0000011000000011000000001100
0000011000000011111111101100
0000011111111111111111111100
0000011111111111100000001100
0000011000000001100000001100
0000011000000001100000001100
0000011000000001100000001100
0000011000000001100000001100
0000011000000001100000111100
0000011111111111111111111000
0000011111111111111111100000
0000000000000001100000000000
0000000000000001100000000000
0000000000000001100000000000
0000000000000001100000000000
0000000000000001100000000000
0000000000000001100000000000
0000000000000001100000000000
