0000000000000000000000000000
0000000000010000000000000000
0000000000111000000000000000
0000000000111000000000000000
0000000000111000000000000000
0000000000111000000000000000
0000000000111000111111000000
0000000000111111111111100000
0000011111111111111111100000
0001111111111111110011100000
0011111111111000000111100000
0001111000111000000111000000
0001110000111100000111000000
0001110000011100100111000000
0001110111111111110111000000
0001111111111111110111000000
0001110111111111110111000000
0001110000011100000111000000
0001111111111111110111000000
0001111111111111111111000000
0000111111111111111100000000
0000000000011100011100000000
0000000000011100000000000000
0000000000011100000000000000
0000000000011100000000000000
0000000000011100000000000000
0000000000011100000000000000
0000000000011100000000000000
