0000000000000000000000000000
0000000000000000000000000000
0000000000000000000000000000
0000000000010000000000000000
0000000000011000000000000000
0000000000001000000000000000
0000000000001000000000000000
0000000000001111100000000000
0000000000111100011000000000
0000000111000100001000000000
0000001100000100001100000000
0000001000000100000100000000
0000001000000111100100000000
0000001100111110000100000000
0000000100000010000100000000
0000000100000110000100000000
0000000100111011101000000000
0000000101000010011000000000
0000000010000010000000000000
0000000000000010000000000000
0000000000000001000000000000
0000000000000001000000000000
0000000000000001000000000000
0000000000000001000000000000
0000000000000001000000000000
0000000000000000000000000000
0000000000000000000000000000
0000000000000000000000000000
