0000000000000000000000000000
0000000000000110000000000000
0000000000000010000000000000
0000000000000010000000000000
0000000000000010000000000000
0000000000000011000000000000
0000001111111001000000000000
0000000000000111111111100000
0000010000000001000000110000
0000010000000001000000010000
0000001000000001000000010000
0000001000000001000000010000
0000001000000001000000010000
0000001000000001000100110000
0000001011111111111100100000
0000001000000001000000100000
0000001000000001000001000000
0000001000000001000011000000
0000001000000001000011100000
0000001000000001111110000000
0000001111111111000100000000
0000011100000001000000000000
0000000000000001000000000000
0000000000000001000000000000
0000000000000001000000000000
0000000000000001000000000000
0000000000000001000000000000
0000000000000000000000000000
