0000000000000000000000000000
0000000000000000000000000000
0000000000000000000000000000
0000000111111111000000000000
0000000100000001000000000000
0000000100000001000000000000
0000000100000001000000000000
0000000111111111000000000000
0000000100000001000000000000
0000000100000001000000000000
0000000100000001000000000000
0000001111111111000000000000
0000001000000001100000000000
0000001000000000100000000000
0000001000000000100000000000
0000011000000000100000000000
0000010000000000100000000000
0000110000000000100000000000
0001100000000110100000000000
0000000000000011100000000000
0000000000000000000000000000
0000000000000000000000000000
0000000000000000000000000000
0000000000000000000000000000
0000000000000000000000000000
0000000000000000000000000000
0000000000000000000000000000
0000000000000000000000000000
