0000000000000000000000000000
0000000000000000000000000000
0000000000000000000000000000
0000000000000000000000000000
0000000000100000000000000000
0000000000100000000000000000
0000000000100000000000000000
0000000000100000000000000000
0001111111111111000000000000
0001100000110000111000000000
0001000000010000001000000000
0001000000010000011000000000
0001000000010000010000000000
0001111111111000010000000000
0001000000011111110000000000
0001000000010000010000000000
0001000000010000010000000000
0001111111010000010000000000
0000000001111111110000000000
0000000000010000000000000000
0000000000010000000000000000
0000000000010000000000000000
0000000000010000000000000000
0000000000010000000000000000
0000000000010000000000000000
0000000000010000000000000000
0000000000000000000000000000
0000000000000000000000000000
