0000000000000000000000000000
0000000000000000000000000000
0000000000010000000000000000
0000000000010000000000000000
0000000000010000000000000000
0000000000010000000000000000
0000011111111000000000000000
0000010000011111110000000000
0000010000010000010000000000
0000010000010000010000000000
0000010000010000010000000000
0000010000010000010000000000
0000010000010000010000000000
0000011111111111110000000000
0000010000100000010000000000
0000010000100000010000000000
0000010000100000010000000000
0000010000100000010000000000
0000011111111111110000000000
0000000000100000000000000000
0000000000100000000000000000
0000000000100000000000000000
0000000000100000000000000000
0000000000100000000000000000
0000000000100000000000000000
0000000000100000000000000000
0000000000100000000000000000
0000000000000000000000000000
