0000000000000000000000000000
0000000000100000000000000000
0000000000100000000000000000
0000000000100000000000000000
0000000000100000000000000000
0000000000100000000000000000
0000000000100000000000000000
0000000011111110000000000000
0000101110100011000000000000
0000100000100001000000000000
0000100000100001000000000000
0000100000101001000000000000
0000100111111001000000000000
0000100100100001000000000000
0000100000100001000000000000
0000100000100001000000000000
0000000000100001000000000000
0000000011111100000000000000
0000001110100000000000000000
0000000000100000000000000000
0000000000100000000000000000
0000000000100000000000000000
0000000000110000000000000000
0000000000010000000000000000
0000000000010000000000000000
0000000000000000000000000000
0000000000000000000000000000
0000000000000000000000000000
