0000000000000011100000000000
0000000000000011100000000000
0000000000000011100000000000
0000000000000011100000000000
0000000000000011100000000000
0000000000000011100000000000
0000010011111111111111111000
0000111111111111111111111100
0000111011111111111111111100
0000111000000011100000011100
0000111000000011100000011100
0000111000000011100000011100
0000111001111111111100011100
0000111011111111111110111100
0000111011111111111110111000
0000111000000011100000111000
0000111000000011100001111000
0000011000000011100001111000
0000000000000011100011110000
0000000111111111111111110000
0000001111111111111111000000
0000001111111111111111000000
0000000000000011100000000000
0000000000000011100000000000
0000000000000011100000000000
0000000000000011100000000000
0000000000000011100000000000
0000000000000001100000000000
