0000000000000000000000000000
0000000000000000000000000000
0000000000000000000000000000
0000000000000010000000000000
0000000000000001000000000000
0000000000000001000000000000
0000000000000001000000000000
0000000000000001000000000000
0000000000000011111000000000
0000000000111101001100000000
0000000001100001000100000000
0000000001000001000100000000
0000000001000001111110000000
0000000001001111100010000000
0000000001000000100010000000
0000000001000000100110000000
0000000001000000111100000000
0000000011111111110000000000
0000000000000000100000000000
0000000000000000100000000000
0000000000000000100000000000
0000000000000000100000000000
0000000000000000100000000000
0000000000000000100000000000
0000000000000000100000000000
0000000000000000000000000000
0000000000000000000000000000
0000000000000000000000000000
