0000000000001000000000000000
0000000000011100000000000000
0000000000011100000000000000
0000000000011110000000000000
0000000000001110000000000000
0000000000001110000000000000
0000001111111111100000000000
0000011111111111111111000000
0000111111111111111111100000
0000111100001110111111100000
0000011100001110000011100000
0000011100001110000011100000
0000011100001110000011100000
0000011100111111111111100000
0000011111111111111111100000
0000011111111111111111100000
0000011111111110000011100000
0000001110001111000011100000
0000001110000111001111100000
0000001110001111111111100000
0000001111111111111111100000
0000001111111111111100000000
0000001111111111000000000000
0000000110000111000000000000
0000000000000111000000000000
0000000000000111000000000000
0000000000000111000000000000
0000000000000111100000000000
