0000000000000000000000000000
0000000000000000000000000000
0000000000010000000000000000
0000000000010000000000000000
0000000000010000000000000000
0000000000010000000000000000
0000000000011000000000000000
0000000000001000000000000000
0000001000001000000000000000
0000001111111111000000000000
0000000100001001100000000000
0000000100001000100000000000
0000001111111100100000000000
0000000100001000100000000000
0000000100001000100000000000
0000000100111110100000000000
0000000000001001100000000000
0000000000001000000000000000
0000000000001000000000000000
0000000000001000000000000000
0000000000001000000000000000
0000000000001000000000000000
0000000000001000000000000000
0000000000011000000000000000
0000000000010000000000000000
0000000000010000000000000000
0000000000000000000000000000
0000000000000000000000000000
