0000000000000000000000000000
0000000001100000000000000000
0000000001110000000000000000
0000000000110000000000000000
0000000000110000000000000000
0000000000110000000000000000
0000000000110000000000000000
0000000111111111111110000000
0000001111111111111111000000
0000000000011000000011000000
0000001100011000000011000000
0000001100111111111111000000
0000001101111111111111000000
0000001100011000000011000000
0000001111111100000011000000
0000001111111111111111000000
0000000000011011111111000000
0000000000011000000011100000
0000000000011000000000000000
0000000000011000000000000000
0000000000011000000000000000
0000000000011000000000000000
0000000000011000000000000000
0000000000011000000000000000
0000000000011000000000000000
0000000000011000000000000000
0000000000011000000000000000
0000000000000000000000000000
