0000000000000000000000000000
0000000000001110000000000000
0000000000001110000000000000
0000000000001110000000000000
0000000000000111000000000000
0000000000001110000111000000
0000000000001111111111110000
0000000101111111111111111000
0000011111111111111000111000
0000111111111111000001110000
0000011100000110001111110000
0000011101011111111111110000
0000011111111111111111110000
0000011111111111110001110000
0000001111100111000011110000
0000001110000111011111110000
0000011111111111111111110000
0000001111111111111111100000
0000001111111111010000100000
0000000000000111000000000000
0000000000000111000000000000
0000000000000111000000000000
0000000000000111000000000000
0000000000001111000000000000
0000000000000111000000000000
0000000000000111000000000000
0000000000000111000000000000
0000000000000110000000000000
