0100100100100100100100100100
0101010010010010010101010010
0010001010101010101001001001
1001010001010010010010010100
0100101011101001001001001010
0101000101100100101010100101
0010010001101010100100101000
1001001001100100010101010010
0100100101101010101001001010
0010010010100001100100100100
1001001001110111101010101010
0100111111110100100101001001
0010110001010010111001010010
0101100101101001110100101001
0001100011111100010101000100
1001101000100011011010101010
0100100101010100100100010001
0010110010111111101001001010
0100011101010000100100100100
0010100000110101010010101001
0100010101011010001010000100
0010100010011001010001010010
1000010100001010101010010100
0101000010101100000101000010
0010010100011101101000101001
0100100010100010000101000100
0010010100001000101000101001
1001000001010010010010000100
