0000000000000000000000000000
0000000000000000000000000000
0000000001000000000000000000
0000000001000000000000000000
0000000001000000000000000000
0000000001000000000000000000
0000001111111100000000000000
0000000001000111000000000000
0000100001000001000000000000
0000100001000001000000000000
0000100001000001000000000000
0000111111111101000000000000
0000100001000001000000000000
0000100001000001000000000000
0000110001000001000000000000
0000011111111111100000000000
0000000001000000000000000000
0000000001000000000000000000
0000000001000000000000000000
0000000001000000000000000000
0000000001000000000000000000
0000000001000000000000000000
0000000001000000000000000000
0000000000000000000000000000
0000000000000000000000000000
0000000000000000000000000000
0000000000000000000000000000
0000000000000000000000000000
