0000000000000000000000000000
0000000000000000000000000000
0000000000000000000000000000
0000000000000000000000000000
0000000000000000000000000000
0000000000000000000000000000
0000000100000000000000000000
0000000100000000000000000000
0000000100000000000000000000
0000111111111000000000000000
0000100100011000000000000000
0000100110010000000000000000
0000100010010000000000000000
0000111111110000000000000000
0000100010010000000000000000
0000100010010000000000000000
0000111111110000000000000000
0000000010000000000000000000
0000000010000000000000000000
0000000010000000000000000000
0000000010000000000000000000
0000000010000000000000000000
0000000010000000000000000000
0000000010000000000000000000
0000000000000000000000000000
0000000000000000000000000000
0000000000000000000000000000
0000000000000000000000000000
