0000000000000000000000000000
0000000000001000000000000000
0000000000011100000000000000
0000000000011100000000000000
0000000000011100000000000000
0000000000011100000000000000
0000000000011100000000000000
0000001111111111111100000000
0000011111111111111110000000
0000111111111111111110000000
0000111000011100001110000000
0000111000011100001110000000
0000111111111111111110000000
0000111111111111111110000000
0000111111111111111110000000
0000111000111000001110000000
0000111111111111111110000000
0000111111111111111110000000
0000011111111111111110000000
0000000000011100000000000000
0000000000011110000000000000
0000000000001110000000000000
0000000000001110000000000000
0000000000001110000000000000
0000000000001110000000000000
0000000000001110000000000000
0000000000001110000000000000
0000000000001110000000000000
