0000000000000000000000000000
0000000000000000000000000000
0000000000000001000000000000
0000000000000000100000000000
0000000000000001000000000000
0000000000000001000000000000
0000000001000000100000000000
0000000001000001000000000000
0000000001011111111100000000
0000000011100001000100000000
0000000001000001000100000000
0000000010000001000100000000
0000000010000001000100000000
0000000010000001000100000000
0000000010111111111100000000
0000000010000001000100000000
0000000010000001000100000000
0000000010000001000100000000
0000000010000001000100000000
0000000010000001000100000000
0000000010000001001000000000
0000000001111111111000000000
0000000000000001000000000000
0000000000000001000000000000
0000000000000001000000000000
0000000000000001000000000000
0000000000000000100000000000
0000000000000001000000000000
