0000000000000000000000000000
0000000000000000000000000000
0000000000000000000000000000
0000000000000000000000000000
0000000000000000000000000000
0000000000000000000000000000
0000000000100000000000000000
0000000000100000000000000000
0000011111111000000000000000
0000011000100110000000000000
0000001000010010000000000000
0000001000010010000000000000
0000001111111111111000000000
0000001000010010000000000000
0000001000010010000000000000
0000001001111110000000000000
0000001110010000000000000000
0000000000010000000000000000
0000000000001000000000000000
0000000000001000000000000000
0000000000001000000000000000
0000000000001000000000000000
0000000000001000000000000000
0000000000001000000000000000
0000000000001000000000000000
0000000000000000000000000000
0000000000000000000000000000
0000000000000000000000000000
