0000000000001000000000000000
0000000000011100000000000000
0000000000011100000000000000
0000000000011100000000000000
0000000000011100000000000000
0000000000011110000000000000
0000000000111111111111110000
0000010001111111111111111000
0000111001111111111111111000
0000111000001110000000111000
0000111100001110000000111000
0000011100001110000000111000
0000011111111111110000111000
0000011111111111111000111000
0000011111111111111000111000
0000011100001110011000111000
0000011100001110000001111000
0000001100001110000001110000
0000000111111111100011110000
0000001111111111110011110000
0000001111111111110011000000
0000000000001110000000000000
0000000000001110000000000000
0000000000001110000000000000
0000000000001110000000000000
0000000000001110000000000000
0000000000001110000000000000
0000000000001110000000000000
