0000000000011000000000000000
0000000000010000000000000000
0000000000010000000000000000
0000000000010000000000000000
0000000000010000000000000000
0000000000010000000000000000
0000101111110000000000000000
0000101000111111110000000000
0000100000010000010000000000
0000100000010000010000000000
0000100000010000010000000000
0000100000010000010000000000
0000100011111111010000000000
0000100000010001110000000000
0000100000010000010000000000
0000100000010000010000000000
0000110000010000010000000000
0000010001111111110000000000
0000000000010000000000000000
0000000000010000000000000000
0000000000010000000000000000
0000000000010000000000000000
0000000000010000000000000000
0000000000010000000000000000
0000000000010000000000000000
0000000000010000000000000000
0000000000010000000000000000
0000000000010000000000000000
