0000000000100000000000000000
0000000001110000000000000000
0000000001110000000000000000
0000000001110000000000000000
0000000001110000000000000000
0000000001110000000000000000
0000000001110000000000000000
0000000001110000000000000000
0001100001110000000000000000
0011111111111100000000000000
0111111111111111110000000000
0111111111111111111000000000
0111000011100111111000000000
0111011111111000111000000000
0111111111111000111000000000
0111111111111000111000000000
0111011111011000111000000000
0011000111000000111000000000
0000111111111111111000000000
0001111111111111111000000000
0000111111111111111000000000
0000000111000000011000000000
0000000111000000000000000000
0000000111000000000000000000
0000000111000000000000000000
0000000111000000000000000000
0000000111000000000000000000
0000000111000000000000000000
