0000000000000000000000000000
0000000000000000000000000000
0000000010000000000000000000
0000000111000000000000000000
0000000111000000000000000000
0000000111100000000000000000
0000000011100000000000000000
0001000011100000000000000000
0011111111111111111100000000
0011111111111111111110000000
0011111111111111111110000000
0011100011100000001111000000
0011100011100000000111000000
0011111111100000000111000000
0011111111111111000111000000
0011111111111111100111000000
0011100011111111100111000000
0011100001110000110111000000
0011111111111111111111000000
0011111111111111111111000000
0001111111111111100011000000
0000000001110000000000000000
0000000001110000000000000000
0000000001110000000000000000
0000000001110000000000000000
0000000001110000000000000000
0000000001110000000000000000
0000000001111000000000000000
