0000000000000000000000000000
0000000000000000000000000000
0000000000000000000000000000
0000000000000000000000000000
0000000000000000000000000000
0000000000000100000000000000
0000000000000100000000000000
0000000000010100000000000000
0000001111111111111110000000
0000000000000100000011000000
0000001100000100000010000000
0000000100000100000010000000
0000001101010110101011101000
0000000110101101010111010000
0000001100000100000001000000
0000000100000100000010000000
0000001000000100000011000000
0000001100000100000001000000
0000001111111100000010000000
0000000000001100000011000000
0000000000000111111111000000
0000000000000100000010000000
0000000000000100000011000000
0000000000000100000000000000
0000000000000100000000000000
0000000000000100000000000000
0000000000000100000000000000
0000000000000100000000000000
