0000000000000000000000000000
0000000000000000000000000000
0000000000000000000000000000
0000000000001000000000000000
0000000000001000000000000000
0000000000001000000000000000
0000000000001000000000000000
0000000000001000000000000000
0000000000001001011010000000
0000000001011110100110000000
0000000010101000000001000000
0000000000001000000001000000
0000000100001000000101000000
0000000100111111111001000000
0000000010001000000010000000
0000000010001000000010000000
0000000010001000000010000000
0000000010001000000010000000
0000000010001000000100000000
0000000010011000110100000000
0000000000011111000000000000
0000000000001000000000000000
0000000000001000000000000000
0000000000001000000000000000
0000000000001000000000000000
0000000000001000000000000000
0000000000001000000000000000
0000000000001000000000000000
