0000000000000000000000000000
0000000000000000000000000000
0000000000000000000000000000
0000000000000000000000000000
0000000000000000000000000000
0000000000000000000000000000
0000000000000000000000000000
0000000000000000000000000000
0000000001000000000000000000
0000000000000000100000000000
0000100001000000000000000000
0000000000000001000000000000
0000000001000000000000000000
0000000000000000000000000000
0000000000001010000000000000
0000001001000000000000000000
0000000000000000000000000000
0000000000000000000000000000
0000000000000000000000000000
0000000010000000000000000000
0000000000000000000000000000
0000000000000000000000000000
0000000000000000000000000000
0000000000000000000000000000
0000000000000000000000000000
0000000000000000000000000000
0000000000000000000000000000
0000000000000000000000000000
