0000000000000000000000000000
0000000000000000000000000000
0000000000000000000000000000
0000000011111111100000000000
0000000010000000100000000000
0000000010000000100000000000
0000000010000000100000000000
0000000010000000100000000000
0000000011111111100000000000
0000000010000000100000000000
0000000010000000100000000000
0000000010001111100000000000
0000000011110001100000000000
0000000010000001100000000000
0000000110000001000000000000
0000000100000001000000000000
0000000100000001000000000000
0000001100000001000000000000
0000011000000001000000000000
0000110000000001000000000000
0001100000000101000000000000
0000000000000111000000000000
0000000000000000000000000000
0000000000000000000000000000
0000000000000000000000000000
0000000000000000000000000000
0000000000000000000000000000
0000000000000000000000000000
