0000000000000000000000000000
0000000000000000000000000000
0000000000010000000000000000
0000000000111000000000000000
0000000000111000000000000000
0000000000111000000000000000
0000000000111000000000000000
0000000000111000000000000000
0000000000111000000001100000
0011111111111111111111110000
0111111111111111111111110000
0011111111111111111111110000
0011100000011100000001110000
0011100000011100000001110000
0011100000011110000001110000
0011110001111111000001110000
0001110011111111000001110000
0001110011111100000000110000
0001111000011100000000000000
0001111000011100000001000000
0000001111111110000011100000
0000011111111111111111100000
0000001111111111111111100000
0000000000001111111111000000
0000000000001110000000000000
0000000000001110000000000000
0000000000001111000000000000
0000000000000111000000000000
