0000000000000100000000000000
0000000000000100000000000000
0000000000000100000000000000
0000000000000100000000000000
0000000000000100000000000000
0000000000000100000000000000
0000001111111111111000000000
0000001100000100001000000000
0000000100000100000100000000
0000000100000100000100000000
0000000100000100000100000000
0000000100000100000100000000
0000000111111111111100000000
0000000010000100000100000000
0000000010000100000100000000
0000000010000100000100000000
0000000010000100000100000000
0000000011110100111100000000
0000000000001111100000000000
0000000000000100000000000000
0000000000000100000000000000
0000000000000100000000000000
0000000000000100000000000000
0000000000000100000000000000
0000000000000100000000000000
0000000000000100000000000000
0000000000000100000000000000
0000000000000100000000000000
