0000000000000000000000000000
0000000000000000000000000000
0000000000000000000000000000
0000000000000001000000000000
0000000000000001000000000000
0000000000000010000000000000
0000000000000001000000000000
0000000000000010000000000000
0000000000000010000000000000
0000001000000011010100000000
0000001111111111010110000000
0000001000000010000001000000
0000001000000010000001000000
0000001000000010000001000000
0000000101111011010101000000
0000000100000110101011000000
0000000100000010000010000000
0000000100000010000010000000
0000000100000010000010000000
0000000010000010000100000000
0000000000111110100000000000
0000000000000110110000000000
0000000000000010000000000000
0000000000000100000000000000
0000000000000010000000000000
0000000000000100000000000000
0000000000000100000000000000
0000000000000010000000000000
