0000000000000000000000000000
0000000000100000000000000000
0000000001110000000000000000
0000000001111000000000000000
0000000001111000000000000000
0000110000111000000000000000
0001111110111000000000000000
0001111111111111000000000000
0011111111111111100000000000
0011100011111111100000000000
0011100000111011100000000000
0011100000111011100000000000
0011100000111011110000000000
0011100111111111110000000000
0011101111111111111000000000
0011100111111111111000000000
0011100000111001110000000000
0011101111111111111000000000
0001111111111111111000000000
0000001111111111100000000000
0000000000111000000000000000
0000000000111000000000000000
0000000000111000000000000000
0000000000111000000000000000
0000000000111000000000000000
0000000000111000000000000000
0000000000111000000000000000
0000000000110000000000000000
