0000000000001000000000000000
0000000000011100000000000000
0000000000001100000000000000
0000000000011110000000000000
0000000000011100000000000000
0000011100001111111111100000
0000011101111111111111100000
0000011111111111111111000000
0000011111111110000011100000
0000011100001110000111000000
0000011100001110001111000000
0000011100101111111111000000
0000111111111111111111000000
0000011111111111110111000000
0000011111111110000111000000
0000111100001111011111000000
0000011000010111111111000000
0000011111111111111111000000
0000011111111111010110000000
0000001111101111000000000000
0000000000000110000000000000
0000000000001111000000000000
0000000000000110000000000000
0000000000001111000000000000
0000000000000110000000000000
0000000000001111000000000000
0000000000001110000000000000
0000000000000000000000000000
