0101010101010101010101010101
1010101010101010101010101010
0101010101010110101010101010
1010101010101011010101010101
0101010101010110101010101010
1010101010101011010101010101
0101010101010110110101011010
1010101010111111111101010101
0101010110110101001010101010
1010101011010110111010101010
0101010110101011010101010101
1010101011111110111010101010
0101010110010111010110101010
1010101011101010111010101011
0101010101010110101010101010
1010101011011101110101010101
0101010101010111010101010101
1010101010111101010101010101
0101010101101101010101010101
1010101010101010101010101010
0101010101011101010101010101
1010101010101010101010110101
0101010101011101010101010101
1010101101010101101010101010
0101010101010110101011010101
1010101010101010101010101010
0101010101010101010101010101
1010101010101010101010101010
