0000000000000000000000000000
0000000000000000100000000000
0000000000000000100000000000
0000000000000000100000000000
0000000000000001000000000000
0000000000000000100000000000
0000000111010001100000000000
0000000100101111111111110000
0000000100000000100000010000
0000000100000000100000010000
0000000100000001000000010000
0000000100000000100000010000
0000000100101001100000100000
0000000100010111111111100000
0000000100000000100000100000
0000000010000000100000100000
0000000100000000100000100000
0000000010000001000001000000
0000000100000000100001000000
0000000010110101100000000000
0000000100001011111111111000
0000000000000000100000000000
0000000000000001000000000000
0000000000000000100000000000
0000000000000001000000000000
0000000000000001000000000000
0000000000000001000000000000
0000000000000000000000000000
