0000000000000000000000000000
0000000000000000000000000000
0000000000011000000000000000
0000000000011000000000000000
0000000000011000000000000000
0000000000011000000000000000
0000000111111111110000000000
0000001111111111111000000000
0000000000011000011000000000
0000001100011000011000000000
0000001100011000011000000000
0000001100011000011000000000
0000001111111111111000000000
0000001111111111111000000000
0000001100011000011000000000
0000001100011000011000000000
0000001100011000011000000000
0000001111111111111000000000
0000001111111111111000000000
0000000000011000000000000000
0000000000011000000000000000
0000000000011000000000000000
0000000000011000000000000000
0000000000011000000000000000
0000000000011000000000000000
0000000000011000000000000000
0000000000011000000000000000
0000000000000000000000000000
