0000000000000000000000000000
0000000000000000000000000000
0000000000000000000000000000
0000000000000000000000000000
0000000000000000000000000000
0000000000000010000000000000
0000000000000010000000000000
0000000000000010000000000000
0000000000000010000000000000
0000000011111111111100000000
0000000010000010000100000000
0000000010000010000100000000
0000000010000010000100000000
0000000010000111110100000000
0000000010111010000100000000
0000000010000010000100000000
0000000010000010000100000000
0000000010000010000100000000
0000000000001111111100000000
0000000000111010000000000000
0000000000000010000000000000
0000000000000010000000000000
0000000000000010000000000000
0000000000000010000000000000
0000000000000010000000000000
0000000000000010000000000000
0000000000000010000000000000
0000000000000100000000000000
