0000000000000000000000000000
0000000000000000000000000000
0000000000000100000000000000
0000000000000100000000000000
0000000000000100000000000000
0000000000000100000000000000
0000000000000100000000000000
0000000000000100000000000000
0000000000111111110000000000
0000001001100100010000000000
0000001010000100010000000000
0000001000000100010000000000
0000001000000100010000000000
0000001000000100001000000000
0000001111111110001000000000
0000001000000100001000000000
0000001000000100001000000000
0000001000000100001000000000
0000001000000100001000000000
0000001000000100000000000000
0000000000000111100000000000
0000000011111100000000000000
0000000000000100000000000000
0000000000000100000000000000
0000000000000100000000000000
0000000000000100000000000000
0000000000000100000000000000
0000000000000100000000000000
