0000000000000000000000000000
0000000000000000000000000000
0000000000000000000000000000
0000000000000110000000000000
0000000000000100000000000000
0000000000000100000000000000
0000000000000100000000000000
0000000111111111111000000000
0000000100000100001000000000
0000000100000100001000000000
0000000100000100001000000000
0000000100000100001000000000
0000000111111111111000000000
0000000100000100011000000000
0000000100000100010000000000
0000000100001100010000000000
0000000100001000010000000000
0000000001111111100000000000
0000000000001000000000000000
0000000000001000000000000000
0000000000001000000000000000
0000000000001000000000000000
0000000000001000000000000000
0000000000001000000000000000
0000000000001000000000000000
0000000000000000000000000000
0000000000000000000000000000
0000000000000000000000000000
