0000000000000000000000000000
0000000000000000000000000000
0000000000000000000000000000
0000000000000010000000000000
0000000000000010000000000000
0000000000000010000000000000
0000000000000010000000000000
0000000001111111111100000000
0000000000000010000100000000
0000001000000010000100000000
0000001000000010000100000000
0000001000000010000100000000
0000001000000010000100000000
0000001111000010000100000000
0000001001111111111100000000
0000001000000010000100000000
0000001000000010000100000000
0000001000000010000110000000
0000001000000010000010000000
0000001111100010000111000000
0000000000111111111111000000
0000000000000010000000000000
0000000000000010000000000000
0000000000000010000000000000
0000000000000010000000000000
0000000000000010000000000000
0000000000000010000000000000
0000000000000010000000000000
