0000000000000000000000000000
0000000000000000000000000000
0000000000100000000000000000
0000000000100000000000000000
0000000000100000000000000000
0000000000100000000000000000
0000011111111111100000000000
0000010000100000100000000000
0000010000110000100000000000
0000010000010000100000000000
0000010000010000100000000000
0000011110010000100000000000
0000011011111111100000000000
0000010000010001100000000000
0000010000010000100000000000
0000010000010000100000000000
0000011111111111100000000000
0000011000010000000000000000
0000000000010000000000000000
0000000000010000000000000000
0000000000010000000000000000
0000000000010000000000000000
0000000000010000000000000000
0000000000010000000000000000
0000000000000000000000000000
0000000000000000000000000000
0000000000000000000000000000
0000000000000000000000000000
