0000000000000000000000000000
0000000000000000000000000000
0000000000000000000000000000
0000000000000010000000000000
0000000000000010000000000000
0000000000000010000000000000
0000000000000010000000000000
0000000000000010000000000000
0000111111111111111000000000
0001000000000010001100000000
0000100000000010000100000000
0000100000000010000100000000
0000110000000010000100000000
0000010000011111111100000000
0000010001110010000100000000
0000010000000001000100000000
0000011000000001000100000000
0000001000000001000100000000
0000001000001111110000000000
0000000011111001000000000000
0000000000000001000000000000
0000000000000001000000000000
0000000000000001000000000000
0000000000000001000000000000
0000000000000001000000000000
0000000000000001000000000000
0000000000000001000000000000
0000000000000000000000000000
