0000000000000000000000000000
0000000000000000000000000000
0000000000000000000000000000
0000000000000000000000000000
0000000000110000000000000000
0000000000010000000000000000
0000000000010000000000000000
0000000000011111111000000000
0000000011111000001000000000
0000001100010000001000000000
0000001000010000001000000000
0000001000011100001000000000
0000001001111000001000000000
0000001000001000001000000000
0000001000011110111000000000
0000011111101000110000000000
0000000000001100000000000000
0000000000000100000000000000
0000000000000100000000000000
0000000000000100000000000000
0000000000000100000000000000
0000000000000100000000000000
0000000000000100000000000000
0000000000000000000000000000
0000000000000000000000000000
0000000000000000000000000000
0000000000000000000000000000
0000000000000000000000000000
