0000000000000000000000000000
0000000000000100000000000000
0000000000000100000000000000
0000000000000100000000000000
0000000000000100000000000000
0000000000000111111111110000
0000000111111110000000010000
0000011100000100000000010000
0000010000000100000000010000
0000010000000100000000010000
0000010000000100000000010000
0000010000000100000000010000
0000010000000100000000010000
0000010000000100000000010000
0000011111111111111111111000
0000010000000100000000010000
0000010000000100000000010000
0000010000000100000000010000
0000010000000100000000010000
0000010000000100000000010000
0000010000000100000000010000
0000010000000100000000010000
0000011111000100000000100000
0000000001111111111111100000
0000000000000100000000000000
0000000000000100000000000000
0000000000000100000000000000
0000000000000100000000000000
