0000000000000000000000000000
0000000000000000000000000000
0000000000000000000000000000
0000000000000000000000000000
0000011111111100000000000000
0000010000000010000000000000
0000010000000010000000000000
0000010000000010000000000000
0000010000000010000000000000
0000010000000010000000000000
0000011111111110000000000000
0000010000000010000000000000
0000010000000010000000000000
0000010000000010000000000000
0000010000000010000000000000
0000010000000100000000000000
0000010000000100000000000000
0000010000000100000000000000
0000110000000100000000000000
0000100001111100000000000000
0000111111001100000000000000
0000000000000000000000000000
0000000000000000000000000000
0000000000000000000000000000
0000000000000000000000000000
0000000000000000000000000000
0000000000000000000000000000
0000000000000000000000000000
