0000000000000000000000000000
0000000010000000000000000000
0000000010000000000000000000
0000000010000000000000000000
0000000010000000000000000000
0000000010000110000000000000
0000000010001110000000000000
0000111111110010000000000000
0011100010000010000000000000
0000100010000100000000000000
0000101010000100000000000000
0000101111111100000000000000
0000100001000100000000000000
0000100001000100000000000000
0000100001000100000000000000
0000111111111100000000000000
0000000001000000000000000000
0000000001000000000000000000
0000000001100000000000000000
0000000000100000000000000000
0000000000100000000000000000
0000000000100000000000000000
0000000000100000000000000000
0000000000100000000000000000
0000000000000000000000000000
0000000000000000000000000000
0000000000000000000000000000
0000000000000000000000000000
