0000000000000000000000000000
0000000000000000000000000000
0000000000010000000000000000
0000000000010000000000000000
0000000000010000000000000000
0000000000010000000000000000
0001111111111111111000000000
0001000000010000001000000000
0001000000010000001000000000
0001000000010000001000000000
0001000000010000011000000000
0000100000010000010000000000
0000111111111111110000000000
0000100000010000010000000000
0000100000010000010000000000
0000100000010000010000000000
0000111111111111110000000000
0000000000010000000000000000
0000000000010000000000000000
0000000000010000000000000000
0000000000010000000000000000
0000000000010000000000000000
0000000000010000000000000000
0000000000010000000000000000
0000000000010000000000000000
0000000000000000000000000000
0000000000000000000000000000
0000000000000000000000000000
