0000000000000100000000000000
0000000000000110000000000000
0000000000001111000000000000
0000000000001110000000000000
0000000000000110000000000000
0000000000001111000000000000
0000000000000110000000000000
0000000000011111111010000000
0000111111111111111111000000
0000111111111111111111100000
0000111111101110000111100000
0000111000001111000011100000
0000111000000110000011100000
0000111000011111010011100000
0000111111111111111111100000
0000011111111111111011100000
0000111111101111010011100000
0000011000001110000111100000
0000111100101111010111100000
0000011111111111111111100000
0000001111111111111111110000
0000001111011111010101000000
0000000000000110000000000000
0000000000001110000000000000
0000000000001111000000000000
0000000000000110000000000000
0000000000001110000000000000
0000000000000111000000000000
