1111111111111111111111111111
1111111111111111111111111111
1111111111111111111111111111
1111111111111111111111111111
1111111111111111111111111111
1111111111111111111111111111
1111111111111111111111111111
1111111111111111111111111111
1111111111111101111111111111
1111111110110111111111111111
1111111111111101111011111111
1111111110100000000111111111
1111111010000001000010111111
1111111010011001110010111111
1111111010000000000010111111
1111111111000100001011111111
1111111100000000100011111111
1111111100011001110011111111
1111111111101000001111111111
1111111111000001011111111111
1111111111110001111111111111
0011111111111111111111111111
0111111111111111111111111111
0011111111111111111111111111
0011111111111111111111111111
1011111111111111111111111111
0011111111111111111111111111
1111111111111111111111111111
