0000000000111000000000000000
0000000000111000000000000000
0000000000111000000000000000
0000000000111000000000000000
0000011111111111111110000000
0000111111111111111111000000
0000111111111111111111000000
0000111000111000000111000000
0001111000111000000111000000
0001111000111000000111000000
0001110011111111110111000000
0001110111111111111111000000
0001110011111111111111000000
0001110000111000001111000000
0001110000111000001110000000
0001110000111000001110000000
0001110000111011111110000000
0001110000111111111110000000
0000110001111111111100000000
0000000001111110001100000000
0000000000111000000000000000
0000000000111000000000000000
0000000000111000000000000000
0000000000111100000000000000
0000000000011100000000000000
0000000000011100000000000000
0000000000011100000000000000
0000000000011100000000000000
