0000000000000000000000000000
0000000000000100000000000000
0000000000000100000000000000
0000000000000100000000000000
0000000000000100000000000000
0000000000000100000000000000
0000000000000100000000000000
0000000000000111111000000000
0000000111111110000110000000
0000111100000100000010000000
0000100000000100000010000000
0000100000000100000010000000
0000100000000100000010000000
0000010000111111111110000000
0000010111110100000100000000
0000011100001000001100000000
0000011000001000001000000000
0000010000001000010000000000
0000010000001000011000000000
0000011000001111110000000000
0000001111111000000000000000
0000000000001000000000000000
0000000000001000000000000000
0000000000001000000000000000
0000000000001000000000000000
0000000000001000000000000000
0000000000001000000000000000
0000000000001000000000000000
