0000000000000000000000000000
0000000000000000000000000000
0000000000000000000000000000
0000000100000000000000000000
0000000000000000000000000000
0000000101010100000000000000
0000010100000010000000000000
0001000000000000000000000000
0000000100000000000000000000
0001000000000001000000000000
0000000100100000000000000000
0000001010000001000000000000
0000100000000000000000000000
0000000100000010000000000000
0000000000010000000000000000
0000010110001010000000000000
0000000000000100000000000000
0000000100000000000000000000
0000000000000000000000000000
0000000100000000000000000000
0000000000000000000000000000
0000000000000000000000000000
0000000100000000000000000000
0000000000000000000000000000
0000000000000000000000000000
0000000000000000000000000000
0000000000000000000000000000
0000000000000000000000000000
