0000000000000100000000000000
0000000000000100000000000000
0000000000000100000000000000
0000000000000100000000000000
0000000000000100000000000000
0000000000000100000000000000
0000011111111111111000000000
0000010000000100001111100000
0000010000000100000001100000
0000010000000100000001000000
0000010000000100000001000000
0000011111111111100001000000
0000010000000100000001000000
0000010000000100000001000000
0000010000000100000001000000
0000010000000100000001000000
0000001111111111111111100000
0000001000000100000001000000
0000000000000100000000000000
0000000000000100000000000000
0000000000000100000000000000
0000000000000100000000000000
0000000000000100000000000000
0000000000000100000000000000
0000000000000100000000000000
0000000000000100000000000000
0000000000000100000000000000
0000000000000100000000000000
