0000000000000000000000000000
0000000000010000000000000000
0000000000010000000000000000
0000000000010000000000000000
0000000000010000000000000000
0000000000010000000000000000
0000000111111111100000000000
0000011100010000100000000000
0000010000010000100000000000
0000010000010000100000000000
0000010000010001110000000000
0000010111111111010000000000
0000011000010000010000000000
0000010000011000010000000000
0000010000001000110000000000
0000011111111111110000000000
0000000000001000000000000000
0000000000001000000000000000
0000000000001000000000000000
0000000000001000000000000000
0000000000001000000000000000
0000000000001000000000000000
0000000000001000000000000000
0000000000001000000000000000
0000000000001000000000000000
0000000000000000000000000000
0000000000000000000000000000
0000000000000000000000000000
