0000000000000100000000000000
0000000000001110000000000000
0000000000001110000000000000
0000000000001110000000000000
0000001111111111111111100000
0000011111111111111111100000
0000011111111111111111100000
0000011100001110000011100000
0000011100001110000011100000
0000011100001110000011100000
0000011100001110000011100000
0000011111111111111111100000
0000011111111111111111100000
0000011111111111111111100000
0000011100001110000011100000
0000011100001110000011100000
0000011100001110000011100000
0000011111111111111111100000
0000011111111111111111100000
0000001111111111111111100000
0000000000001110000000000000
0000000000001110000000000000
0000000000001110000000000000
0000000000001110000000000000
0000000000001110000000000000
0000000000001110000000000000
0000000000001110000000000000
0000000000001110000000000000
