0000000000000000000000000000
0000000000000111000000000000
0000000000001111000000000000
0000000000001111000000000000
0000000000001111000000000000
0000000000001111000000000000
0000000011111111111110000000
0000000111111111111111100000
0000001111111111111111100000
0000001111111111111111100000
0000001111001111000111100000
0000001111001111000111100000
0000001111111111111111100000
0000001111111111111111100000
0000001111111111111111100000
0000001111111111111111100000
0000001111101111100111100000
0000000111111111111111100000
0000000111111111111111100000
0000000011111111111111100000
0000000001111111111111000000
0000000000000111100000000000
0000000000000111100000000000
0000000000000111100000000000
0000000000000111100000000000
0000000000000111100000000000
0000000000000111100000000000
0000000000000111100000000000
