0000000000000000000000000000
0000000000000000000000000000
0000000000100000000000000000
0000000000100000000000000000
0000000000100000000000000000
0000000000100000000000000000
0000000000100000000000000000
0000001111111111110000000000
0000000000100000011000000000
0000100000100000001000000000
0000100000100000001000000000
0000100000100000001000000000
0000100111111110001000000000
0000101100100000001000000000
0000010000100000010000000000
0000010000100000110000000000
0000010000100001100000000000
0000000000100010000000000000
0000001111111110000000000000
0000000000100000000000000000
0000000000100000000000000000
0000000000100000000000000000
0000000000100000000000000000
0000000000100000000000000000
0000000000100000000000000000
0000000000000000000000000000
0000000000000000000000000000
0000000000000000000000000000
