0000000000000000000000000000
0000000000001000000000000000
0000000000001000000000000000
0000000000001000000000000000
0000000000001000000000000000
0000010000001000000000000000
0000011111111111111100000000
0000010000001000000100000000
0000010000001000000100000000
0000010000001000000100000000
0000010001111111100100000000
0000010000001000000100000000
0000010000001000000100000000
0000011111111111110100000000
0000000000001000011000000000
0000000000001000000000000000
0000000000001000000000000000
0000000000001000000000000000
0000000000001000000000000000
0000000000001000000000000000
0000000000001000000000000000
0000000000001000000000000000
0000000000001000000000000000
0000000000001000000000000000
0000000000000000000000000000
0000000000000000000000000000
0000000000000000000000000000
0000000000000000000000000000
