0000000000000000000000000000
0000000000000000000000000000
0000000000000110000000000000
0000000000000010000000000000
0000000000000010000000000000
0000000000000010000000000000
0000000000000010000000000000
0000000000000010000000000000
0000000011111111111110000000
0000011100000010000010000000
0000010000000010000010000000
0000001000000010000010000000
0000001000000111110010000000
0000001111111110000110000000
0000001000000010000100000000
0000001000000010000100000000
0000001000000010000100000000
0000001000000010000000000000
0000000001111111111100000000
0000000110000010000000000000
0000000000000010000000000000
0000000000000010000000000000
0000000000000010000000000000
0000000000000010000000000000
0000000000000010000000000000
0000000000000010000000000000
0000000000000010000000000000
0000000000000010000000000000
