0000000000001000000000000000
0000000000011100000000000000
0000000000011100000000000000
0000000000011100000000000000
0000000000011100000000000000
0001111111111111111100000000
0011111111111111111110000000
0011111111111111111110000000
0011100000011100001110000000
0011100000011100001110000000
0011100000011100001110000000
0011100000011100001110000000
0011100000011100001110000000
0011101111111111101110000000
0011111111111111111110000000
0011101111111111111110000000
0011100000011100011110000000
0011100000011100011100000000
0011100000011100001100000000
0011111111111111111000000000
0011111111111111111100000000
0011111111111111111100000000
0000000000011100000000000000
0000000000011100000000000000
0000000000011100000000000000
0000000000011100000000000000
0000000000011100000000000000
0000000000011100000000000000
