0000000000000000000000000000
0000000000000000000000000000
0000000000000000000000000000
0000000000000000000000000000
0000000000000000000000000000
0000000001000000000000000000
0000000011000000000000000000
0011111111111111100000000000
0010000001000000100000000000
0010000001000001100000000000
0010000011000000100000000000
0011111111111111100000000000
0010000001000000100000000000
0010000011000001100000000000
0010000001000000100000000000
0011000011000001100000000000
0011111111111111100000000000
0010000001000000100000000000
0000000001000000000000000000
0000000011000000000000000000
0000000001000000000000000000
0000000011000000000000000000
0000000000000000000000000000
0000000000000000000000000000
0000000000000000000000000000
0000000000000000000000000000
0000000000000000000000000000
0000000000000000000000000000
