0000000001110000000000000000
0000000001110000000000000000
0000000001110000000000000000
0000000001110000000000000000
0000000001110000000000000000
0000111111111111100000000000
0001111111111111110000000000
0001111111111111110000000000
0001110001110001110000000000
0001110001110001110000000000
0001111111111111110000000000
0001111111111111110000000000
0001111111111111110000000000
0001110001110001110000000000
0001110001110001110000000000
0001110001110000110000000000
0000111111111111000000000000
0000111111111111100000000000
0000111111111111100000000000
0000000001110000000000000000
0000000001110000000000000000
0000000001110000000000000000
0000000001110000000000000000
0000000001110000000000000000
0000000000110000000000000000
0000000000000000000000000000
0000000000000000000000000000
0000000000000000000000000000
