0000000000010000000000000000
0000000000010000000000000000
0000000000010000000000000000
0000000000010000000000000000
0000000000010000000000000000
0000000000010001100000000000
0000000011111111100000000000
0000001100010000100000000000
0000001000010000100000000000
0000001000010000110000000000
0000001000010000010000000000
0000001011111111110000000000
0000001110010000010000000000
0000001000010000010000000000
0000001000010000010000000000
0000001000010000010000000000
0000001111111111110000000000
0000000100010000000000000000
0000000000010000000000000000
0000000000010000000000000000
0000000000010000000000000000
0000000000010000000000000000
0000000000010000000000000000
0000000000010000000000000000
0000000000010000000000000000
0000000000010000000000000000
0000000000010000000000000000
0000000000000000000000000000
