0000000000000000000000000000
0000000000000000000000000000
0000000000000000000000000000
0000000000001000000000000000
0000000000001000000000000000
0000000000001000000000000000
0000000000001000000000000000
0000000000001000000000000000
0000000000011000000000000000
0000000011111111100000000000
0000000100001000100000000000
0000000100001000100000000000
0000001100001000100000000000
0000001110101100100000000000
0000000100101000100000000000
0000000100001000100000000000
0000001000001000100000000000
0000000101011010100000000000
0000000100111100000000000000
0000000000001000000000000000
0000000000001000000000000000
0000000000001000000000000000
0000000000001000000000000000
0000000000001000000000000000
0000000000001000000000000000
0000000000000000000000000000
0000000000000000000000000000
0000000000000000000000000000
