0000000000000000000000000000
0000000000000000000000000000
0000000000110000000000000000
0000000000100000000000000000
0000000000100000000000000000
0000000001100000000000000000
0011111111111111111111111111
0000000000100000000000000000
0010000000100000000000000000
0010000000100000000000000000
0011010101101001010000000001
0011010111110110111000000101
0010101001101000000000001100
0011010110101111010101010000
0010000000100001011011110000
0010000000100000000011000000
0000000001100000000110000000
0000000000100000000000000000
0000000000100000000000000000
0000000001100000000000000000
0000000000100000000000000000
0000000000100000000000000000
0000000001100000000000000000
0000000000100000000000000000
0000000000100000000000000000
0000000000100000000000000000
0000000001100000000000000000
0000000000100000000000000000
