0000000000000000000000000000
0000000000000000000000000000
0000000000000000000000000000
0000000000000000000000000000
0000000000000000000000000000
0000000000001000000000000000
0000000000001000000000000000
0000000000001000000000000000
0000000110001000000000000000
0000000111111111100000000000
0000000100001000100000000000
0000000100001000100000000000
0000000100001000100000000000
0000000100001001100000000000
0000000111111111100000000000
0000000100001000100000000000
0000000100001000100000000000
0000000100001000110000000000
0000000111111111110000000000
0000000000001000000000000000
0000000000001000000000000000
0000000000001000000000000000
0000000000001000000000000000
0000000000001000000000000000
0000000000000000000000000000
0000000000000000000000000000
0000000000000000000000000000
0000000000000000000000000000
