0000000000000000000000000000
0000000000001000000000000000
0000000000001000000000000000
0000000000001000000000000000
0000000000001000000000000000
0000000000001000000000000000
0000000000000100000000000000
0000000011111111110000000000
0000011110000100011110000000
0001110000000010000011100000
0001100000000010000000011000
0001100000000010000000001100
0001110000000010000000000110
0001011100000010011111100010
0001000011101111110000000011
0001000000011010000000000001
0001000000000001000000000011
0001000000000001000000001100
0001000000000001000000110000
0001100000000001000011100000
0000011000000001001100000000
0000000111100001110000000000
0000000000111111000000000000
0000000000000001000000000000
0000000000000000100000000000
0000000000000000100000000000
0000000000000000100000000000
0000000000000000100000000000
