1111111111111111111111111111
1111111111111111111111111111
1111111111111011111111111111
1111111111110110111111111111
1111111111011011111111111111
1111111110111101001111111111
1111111111110111111111111111
1111111010111110101111111111
1111111110101010111111111111
1111110111110111111111111111
1111111011111111111111111111
1111111111110101011111111111
1111111110111111011111111111
1111111111111111111111111111
1111111111111111111111111111
1111111101011111110111111111
1111110101111101110111111111
1111111111111111111111111111
1111111101011111111111111111
1111111111111111111111111111
1111111111111111111111111111
1111111111111111111111111111
1111111111111111111111111111
1111111111111111111111111111
1111111111110011111111111111
1111111111111111111111111111
1111111111111111111111111111
1111111111111111111111111111
