0000000000010000000000000000
0000000000111000000000000000
0000000000111000000000000000
0000000000111000000000000000
0000011111111111111000000000
0000111111111111111100000000
0000111111111111111100000000
0000111000111000011100000000
0000111000111000011100000000
0000111000111000011100000000
0000111111111111111100000000
0000111111111111111100000000
0000111111111111111100000000
0000111000111000011100000000
0000111000111000011100000000
0000111000111000011100000000
0000111111111111111100000000
0000011111111111111100000000
0000011111111111111100000000
0000000000111000000000000000
0000000000111000000000000000
0000000000111000000000000000
0000000000111000000000000000
0000000000111000000000000000
0000000000111000000000000000
0000000000111000000000000000
0000000000111000000000000000
0000000000011000000000000000
