1111111111111111111111111111
1111111111111111111111111111
1111111111111111111111111111
1111111111111111111111111111
1111111111111111111111111111
1111111111111111111111111111
1111111111101011111111111111
1111111111111111111111111111
1111111111111111111111111111
1111100101010110111111111111
1111110101110001111111111111
1111110111111111111111111111
1111111110101101011111111111
1111111111110101111111111111
1111111010010111011111111111
1111111111111111111111111111
1111010111101011111111111111
1111110010101011111111111111
1111111110111111111111111111
1111111111011011111111111111
1111111111111111111111111111
1111111111011111111111111111
1111111111111111111111111111
1111111111111111111111111111
1111111111111111111111111111
1111111111111111111111111111
1111111111111111111111111111
1111111111111111111111111111
