0000000000000000000000000000
0000000000010000000000000000
0000000000010000000000000000
0000000000010000000000000000
0000000000010000000000000000
0000000000010000000000000000
0000000000010000000000000000
0000000000010000000000000000
0000000000011111111000000000
0000011111110000001000000000
0000000000010000001000000000
0000100000011000001000000000
0000100000001000001000000000
0000100000001000001000000000
0000100000001011001000000000
0000100111111110001000000000
0000110000001000001000000000
0000010000001000001000000000
0000010000001000001000000000
0000010000001000001000000000
0000010111111111110000000000
0000010000001000000000000000
0000000000001000000000000000
0000000000001000000000000000
0000000000000100000000000000
0000000000000100000000000000
0000000000000100000000000000
0000000000000100000000000000
