0000000000000000000000000000
0000000000000000000000000000
0000000000000000000000000000
0000000001111111111100000000
0000011111000000001100000000
0000010000000000001000000000
0000010000000000001000000000
0000010000000000001000000000
0000010000000000001000000000
0000010000000000001000000000
0000010000000000000100000000
0000001000000000000100000000
0000001111111111111100000000
0000001000000000000100000000
0000001000000000000100000000
0000001000000000000100000000
0000001000000000000100000000
0000001000000000000100000000
0000001111111101111100000000
0000001000000111001100000000
0000001000000000000100000000
0000001000000000000100000000
0000001000000000000100000000
0000001000000000000100000000
0000001100000000001100000000
0000001111111111111100000000
0000000000000000000100000000
0000000000000000000000000000
