0000000000000000000000000000
0000000000000000000000000000
0000000000000000000000000000
0000000000000000000000000000
0000010000000000000000000000
0000111111111100000000000000
0000100000000100000000000000
0000100000000100000000000000
0000100000000100000000000000
0000111100001000000000000000
0000100011111000000000000000
0000100000011000000000000000
0000100000001000000000000000
0000100000001000000000000000
0000111110001000000000000000
0000100001101000000000000000
0000100000001000000000000000
0000000000001000000000000000
0000001111001000000000000000
0000000001111000000000000000
0000000000000000000000000000
0000000000000000000000000000
0000000000000000000000000000
0000000000000000000000000000
0000000000000000000000000000
0000000000000000000000000000
0000000000000000000000000000
0000000000000000000000000000
