0000000000000000000000000000
0000000000000000000000000000
0000111111111111111111111110
0001111111111111111111111111
0001111111111111111111111111
0001110000000000000000000111
0001110000000000000000000111
0001110000000000000000000111
0001110000000000000000000111
0001110111111111111111111111
0001111111111111111111111111
0001110111111111111111111111
0001110000000000000000001111
0001110000000000000000001110
0001110000000000000000001110
0001110000000000000000001110
0001110000000000000000011110
0001110111111111111111111110
0001111111111111111111111100
0001110111111111111111111100
0001110000000000000000011100
0001110000000000000000011100
0001110000000000000000011100
0001110000000000000000011100
0001110000000000000000011100
0000111111111111111111111110
0000011111111111111111111111
0000001111111111111111111111
