0000000000000000000000000000
0000000000000000000000000000
0000000000000000000000000000
0000000000000000000000000000
0000000000111111111100000000
0000000111000000000100000000
0000000010000000000100000000
0000000010000000000100000000
0000000010000000000100000000
0000000010000000000100000000
0000000010111111000100000000
0000000010000000000100000000
0000000010000000000100000000
0000000010000000000100000000
0000000010000000000100000000
0000000011111110000100000000
0000000010000000000100000000
0000000010000000000100000000
0000000010000000000100000000
0000000010000000000100000000
0000000010000000000100000000
0000000011111111111110000000
0000000000000000000000000000
0000000000000000000000000000
0000000000000000000000000000
0000000000000000000000000000
0000000000000000000000000000
0000000000000000000000000000
