0100100100100100100100101001
0010010010010010010010100100
1001001001001001001100010010
0100100100100100111010101010
0010010110011111111110100100
1001001111111011010101010010
0100101000000100111100101010
0010001110101001010101001001
1000101100100100011010100100
0010001101001010101100010101
0101011100100111101011010010
0000001101111101111100101001
1010101101000100001010010100
0001001100101001011101001010
0100010101001010101101010001
0101001100110011011101001010
0000101101111111110100101001
0101001100000000001110100100
0010011101101010100101010010
1000100100010101010110001010
0010001101001000100101010001
0100100110100101010100101010
0010010111111111110010010001
1001000110100100001010100100
0100010001010010101001001010
0010101010001001000100100001
1000000100100100101010010100
0010101001001010010001001010
