0000000000000000000000000000
0000000000000000000000000000
0001000000000000000000000000
0011111111111110000000000000
0011111111111111110000000000
0011111111111111111000000000
0011100000000011111000000000
0011100000000000111000000000
0011110000000000111000000000
0001110000000000111100000000
0001110000000000111100000000
0001110000000000011100000000
0001110111111000011100000000
0001111111111100011100000000
0001110111111100011100000000
0001110000000000011100000000
0001110000000000011100000000
0001110001110000011100000000
0001111111111000011100000000
0001111111111000011100000000
0001111111000000011100000000
0001110000000000011100000000
0001110000000000011100000000
0001110000000000011100000000
0011111111000000011100000000
0011111111111110011100000000
0011111111111111111100000000
0011100001111111111110000000
