0000000000000000000000000000
0000000000000000000000000000
0000011110000000000000000000
0000010011111111000000000000
0000010000000001110000000000
0000010000000000010000000000
0000010000000000110000000000
0000010000000000100000000000
0000010000000000100000000000
0000010111111111100000000000
0000010000000001000000000000
0000010000000001000000000000
0000010000000001000000000000
0000011110000001000000000000
0000010001111111000000000000
0000010000000010000000000000
0000010000000010000000000000
0000010000000010000000000000
0000010000000010000000000000
0000010000000010000000000000
0000011111111110000000000000
0000010000000010000000000000
0000000000000000000000000000
0000000000000000000000000000
0000000000000000000000000000
0000000000000000000000000000
0000000000000000000000000000
0000000000000000000000000000
