0000000000000000000000000000
0000000000000000000000000000
0000000000000000000000000000
0000000000000000000000000000
0000000000001111111000000000
0000000000111000001000000000
0000000011100000001100000000
0000000110000000000100000000
0000000110000000000100000000
0000000010000000000100000000
0000000010000111000100000000
0000000010011100000100000000
0000000010000000000100000000
0000000010000001000100000000
0000000010011111000100000000
0000000010110000000100000000
0000000010000000000100000000
0000000010000001000100000000
0000000010001111110100000000
0000000011111000011100000000
0000000001000000001100000000
0000000000000000000000000000
0000000000000000000000000000
0000000000000000000000000000
0000000000000000000000000000
0000000000000000000000000000
0000000000000000000000000000
0000000000000000000000000000
