0000000000000000000000000000
0000000000000000000000000000
0000000011111110000000000000
0000000111111111111111100000
0000000011111111111111110000
0000000011100011111111111000
0000000011100000000000111000
0000000011111111111100111000
0000000011111111111111111000
0000000011111111111111111000
0000000011100000000111111000
0000000011100000000000111000
0000000011100000000000111000
0000000011100000000000111000
0000000011100111111110111000
0000000011101111111111111000
0000000011100111111111111000
0000000111100000000000111000
0000000111000000000000111000
0000000111000000000000111000
0000000111000011111111111100
0000000111111111111111111100
0000001111111111111111111000
0000001111111110000000011000
0000000000000000000000000000
0000000000000000000000000000
0000000000000000000000000000
0000000000000000000000000000
