0000000000000000000000000000
0000000000000000000000000000
0000000000000000000000000000
0000000000000000000000000000
0000000000000000000000000000
0000000000000000000000000000
0000000000000000000000000000
0000000000000000000000000000
0000000000000000000000000000
0000000011111110000000000000
0000000010000010000000000000
0000000010000010000000000000
0000000010000010000000000000
0000000010000010000000000000
0000000011111110000000000000
0000000010000010000000000000
0000000010000010000000000000
0000000010000010000000000000
0000000011111111000000000000
0000000010000001000000000000
0000000010000001000000000000
0000000010000001000000000000
0000000011111111000000000000
0000000000000000000000000000
0000000000000000000000000000
0000000000000000000000000000
0000000000000000000000000000
0000000000000000000000000000
