0000000000000000000000000000
0000000000000000000000000000
0000000000000000000000000000
0000000000000000000000000000
0000011111111111000000000000
0000010000000001100000000000
0000001000000000010000000000
0000001000000000010000000000
0000001000000000010000000000
0000001111111111010000000000
0000001000000000010000000000
0000001000000000010000000000
0000001000000000010000000000
0000001000000011110000000000
0000001111111110010000000000
0000001000000000010000000000
0000001000000000010000000000
0000001100000000010000000000
0000000000000000011000000000
0000001100000000001000000000
0000000111111111100000000000
0000000000000000000000000000
0000000000000000000000000000
0000000000000000000000000000
0000000000000000000000000000
0000000000000000000000000000
0000000000000000000000000000
0000000000000000000000000000
