0000000000000001000000000000
0000010111111111111000000000
0000111111111111111100000000
0000111111111110111000000000
0000111000000000111000000000
0000011000000000111000000000
0000111000000000111000000000
0000111000000000111000000000
0000111000000000111000000000
0000111000000000111000000000
0000111011111111111000000000
0000111111111111111000000000
0001111111111110111000000000
0000111101000000111000000000
0001110000000001111000000000
0000111000011111111000000000
0001111111111111111000000000
0000111111111110111000000000
0001111111100000111000000000
0000111000000000111000000000
0001110000000000111000000000
0000111001111111111000000000
0000111111111111111100000000
0000011111111111111000000000
0000001101000000011000000000
0000000000000000000000000000
0000000000000000000000000000
0000000000000000000000000000
