0000000000000000000000000000
0000000000000000000000000000
0000000000000000000000000000
0000000000000000000000000000
0000000000000000000000000000
0000000111111111110000000000
0000001000000000010000000000
0000001000000000010000000000
0000001000000000010000000000
0000001000000000001000000000
0000001000000000001000000000
0000001111000001111000000000
0000001001111111001000000000
0000001000000000001000000000
0000001000000000001000000000
0000001000000000001000000000
0000001000000000001000000000
0000001100000000001000000000
0000001111101111111000000000
0000001000000000001000000000
0000001000000000001000000000
0000001000000000001000000000
0000001111111111111000000000
0000000000000000000000000000
0000000000000000000000000000
0000000000000000000000000000
0000000000000000000000000000
0000000000000000000000000000
