0000000000000000000000000000
0000000000000000000000000000
0000000000000000000000000000
0000000111111111000000000000
0000000100000001111100000000
0000000100000000000100000000
0000000100000000000110000000
0000000100000000000010000000
0000000100000000000010000000
0000000100000000000010000000
0000000100000000000010000000
0000000101111110000010000000
0000000111000000000010000000
0000000100000000000010000000
0000001100000000000010000000
0000001000000000000010000000
0000001000000000000010000000
0000001000000000000010000000
0000001111111110000010000000
0000001100000000000010000000
0000011000000000000010000000
0000010000000000000010000000
0000010000000000000010000000
0000010000000000000010000000
0000111111111111111110000000
0000100000000000000010000000
0000000000000000000010000000
0000000000000000000000000000
