0000000000000000000000000000
0000000000000000000000000000
0000000000000000000000000000
0000000000000000000000000000
0000000111111111100000000000
0000011100000000100000000000
0000010000000000100000000000
0000011000000000100000000000
0000001000000000100000000000
0000001000000000100000000000
0000001000000000100000000000
0000001000000000100000000000
0000001111111110110000000000
0000001000000010010000000000
0000001000000000010000000000
0000001000000000010000000000
0000001000000000010000000000
0000001001111110010000000000
0000001000000110010000000000
0000001000000000010000000000
0000001000000010010000000000
0000001110000111010000000000
0000000011111111110000000000
0000000000000000110000000000
0000000000000000110000000000
0000000000000000010000000000
0000000000000000000000000000
0000000000000000000000000000
