0000000000000000000000000000
0000000000000000000000000000
0000000000000000000000000000
0000000010111111111111110000
0000000111111101010000110000
0000000111000000000000110000
0000000110000000000000110000
0000000011000000000000110000
0000000110000000000000110000
0000000111111111111100110000
0000000111111111111100110000
0000000110000000000000110000
0000000110000000000000110000
0000000110000000000000110000
0000000110000000000000110000
0000000110000000000000110000
0000000111111111111100110000
0000000110101010111000110000
0000000110000000000000100000
0000000100000000000000110000
0000000110000000000000100000
0000000100000000000000110000
0000000110000000000000100000
0000000111111111111111110000
0000000111111111111111100000
0000000000000000000000000000
0000000000000000000000000000
0000000000000000000000000000
