0101001001010101010101010010
0100100100010010010010010101
0101010101001010101010101010
1001001001010100101001010001
0101010101101010100101001100
0100100010100100110101010010
0101001001110010101010101010
0010010101001111110101001001
1001010011111111101001010100
0101001110100000110101010010
0100100001011111110101001010
0101001001011111110100101001
0100100101110000110101010101
0010010010101010110101001000
1001001001001010110100101011
0101010101100111110101010100
0100100001011111011010100010
0101001011111000110100011010
0100100101000101010101100101
0010010001101010111010010000
1001001011101011110010101011
0101010001111111010101001000
0100001010110100010100100101
0010101001001010100101010100
1010100100100100101010010010
0100010010010101010010101010
0010101001010010010100100101
1001000100101001001010010000
