0000000000000000000000000000
0000000000000000000000000000
0000000000000000000000000000
0000000111111111100000000000
0000011000000000100000000000
0000010000000000100000000000
0000010000000000100000000000
0000010000000000100000000000
0000010000000000100000000000
0000010000000000100000000000
0000010111111111100000000000
0000011000000000100000000000
0000010000000000100000000000
0000010000000000110000000000
0000010000000000010000000000
0000010000000000010000000000
0000010000000000010000000000
0000111111111111110000000000
0000100000000000010000000000
0000100000000000010000000000
0000100000000000010000000000
0000100000000000010000000000
0000100000000000010000000000
0000100000000000010000000000
0011111111111111111000000000
0000000000000000000000000000
0000000000000000000000000000
0000000000000000000000000000
