0000000000000000000000000000
0000000111111111111111100000
0000001111111111111111110000
0000001111111111111111110000
0000001110000000000001111000
0000001110000000000000111000
0000001110000000000000111000
0000001110000000000000111000
0000001110000111111100111000
0000001111111111111110111000
0000001111111111111110111000
0000001111111100000000111000
0000001110000000000000111000
0000001110000000000000111000
0000001110000000000000111100
0000001111111111111110111100
0000001111111111111111011100
0000001111111111111111011100
0000001110000000000000011100
0000001110000000000000011100
0000001110000000000000011100
0000001110000000000000011100
0000001111111111111111111100
0000001111111111111111111100
0000000111111111111111111100
0000000000000000000000011100
0000000000000000000000000000
0000000000000000000000000000
