0000000000000000000000000000
0000100111111111111100000000
0001111111111111111110000000
0001110111111111111110000000
0001110000000000001110000000
0001110000000000001110000000
0001110000000000011110000000
0001111111111111111110000000
0001111111111111111100000000
0001111111111111111100000000
0001110000000000011100000000
0001110000000000011100000000
0001110000000000011100000000
0001110000011000011100000000
0001111111111100011100000000
0001111111111100011100000000
0001111111111000011100000000
0001110000000000011100000000
0001110000000000011100000000
0001110000000000011100000000
0001110000000000011100000000
0001111111111111111100000000
0001111111111111111100000000
0000111111111111111100000000
0000000000000000000000000000
0000000000000000000000000000
0000000000000000000000000000
0000000000000000000000000000
