0000000000000000000000000000
0000000000000000000000000000
0000000000000000000000000000
0000000000000000000000000000
0000111111111111000000000000
0000100000000001000000000000
0000100000000001000000000000
0000100000000001000000000000
0000100000000001000000000000
0000100000000001000000000000
0000111100000001000000000000
0000100111111111000000000000
0000100000000001000000000000
0000100000000001000000000000
0000100000000001000000000000
0000100000000001000000000000
0000110000000001000000000000
0000111111111001000000000000
0000100000001111000000000000
0000100000000001000000000000
0000100000000001000000000000
0000100000000001000000000000
0000100000000001000000000000
0000111111111111000000000000
0000000000000000000000000000
0000000000000000000000000000
0000000000000000000000000000
0000000000000000000000000000
