0000000000000000000000000000
0000000000000000000000000000
0000000000000000000000000000
0000000000000000000000000000
0000000111111100000000000000
0000011100000111100000000000
0000001000000000110000000000
0000001000000000010000000000
0000001000000000010000000000
0000001111111111010000000000
0000001000000000010000000000
0000001000000000010000000000
0000001000000000010000000000
0000001101111111110000000000
0000000111000000010000000000
0000000100000000010000000000
0000000100000000010000000000
0000000100000011110000000000
0000000101111100000000000000
0000000110000000000000000000
0000000000000000000000000000
0000000000000000000000000000
0000000000000000000000000000
0000000000000000000000000000
0000000000000000000000000000
0000000000000000000000000000
0000000000000000000000000000
0000000000000000000000000000
