0000000000000000000000000000
0000000000000000000000000000
0000000000000000000000000000
0000000000000000000000000000
0000000000000000000000000000
0000001111111111111111111110
0000001000000000000000000010
0000001000000000000000000010
0000001000000000000000000010
0000001000000000000000000010
0000001000000000000000000100
0000001011111111111111110100
0000001000000000000000000100
0000001000000000000000000100
0000001000000000000000000100
0000001000000000000000000100
0000001111111111111111100100
0000001000000000000000000100
0000001000000000000000000100
0000001000000000000000000100
0000001000000000000000000100
0000001000000000000000000100
0000001000000000000000000001
0000001000000001111111111111
0000111111111110000000000000
0000000000000000000000000000
0000000000000000000000000000
0000000000000000000000000000
