0000000000000000000000000000
0000000000000000000000000000
0000000000000000000000000000
0000000000000000000000000000
0000011111111111111111000000
0000010000000000000001000000
0000010000000000000001000000
0000010000000000000001000000
0000010000000000000001000000
0000001000000000000001000000
0000001000000000000001000000
0000001000000000000001000000
0000001001111111111101000000
0000001000000000000001000000
0000001000000000000001000000
0000001000000000000001000000
0000001000000000000001000000
0000001111111111110001000000
0000001000000000010001000000
0000001000000000000010000000
0000001000000000000010000000
0000000000000000000010000000
0000010000000000000010000000
0000011111111111110010000000
0000000000000000000110000000
0000000000000000000000000000
0000000000000000000000000000
0000000000000000000000000000
