0000000000000000000000000000
0000111111100000000000000000
0001111111111111100000000000
0011111111111111110000000000
0011100000111111110000000000
0011100000000001110000000000
0011100000000001110000000000
0011100000000001110000000000
0011100000000001110000000000
0011111110000001110000000000
0011111111000001110000000000
0011111111000001110000000000
0011100000000001110000000000
0011100000000001110000000000
0011100000000001110000000000
0011111100000011110000000000
0011111110000011110000000000
0011111110000011100000000000
0011100000000011100000000000
0011100000000011100000000000
0011100000000011100000000000
0011100000000011100000000000
0111110000000011100000000000
0111111100000011100000000000
0111111111111111100000000000
0011011111111111100000000000
0000000111111111100000000000
0000000000000011100000000000
