0000000000000000000000000000
0000000000000000000000000000
0000000000000000000000000000
0000000000000000000000000000
0000000000111111110000000000
0000011111100000010000000000
0000010000000000010000000000
0000010000000000010000000000
0000010000000000010000000000
0000010000000000010000000000
0000010000000000010000000000
0000010000000000010000000000
0000011111111111010000000000
0000010000000000010000000000
0000010000000000010000000000
0000010000000000010000000000
0000010000000000010000000000
0000010000000000010000000000
0000011110000000010000000000
0000010001111111010000000000
0000010000000000010000000000
0000010000000000010000000000
0000010000000000010000000000
0000010000000000111000000000
0000111111111111100000000000
0000000000000000000000000000
0000000000000000000000000000
0000000000000000000000000000
