0000000000000000000000000000
0000000111111111111111100000
0000000100000000000000100000
0000000100000000000000100000
0000000100000000000000100000
0000000100000000000000100000
0000000100000000000000100000
0000000100000000000000100000
0000000100000000000000100000
0000000100000000000000100000
0000000111111111111111100000
0000000100000000000000100000
0000000100000000000000100000
0000000100000000000000100000
0000000100000000000000100000
0000000100000000000000100000
0000000100000000000000100000
0000000100000000000000100000
0000000100000000000000100000
0000000100000000000000100000
0000000111000000000001000000
0000000100111111111111000000
0000000100000000000001000000
0000000100000000000001000000
0000001100000000000001000000
0000001100000000000001000000
0000001111000000000001000000
0000000001111111111111100000
