0000000000000000000000000000
0000000000000000000000000000
0000000000000000000000000000
0000001111111111111100000000
0000001000000000000100000000
0000001000000000000100000000
0000001000000000000100000000
0000001000000000000100000000
0000001111111111000100000000
0000001000000000000100000000
0000001000000000000100000000
0000001000000000000100000000
0000001000000000000100000000
0000001000000000000010000000
0000011111111111000010000000
0000001000000000000010000000
0000001000000000000010000000
0000001000000000000010000000
0000001000000000000010000000
0000011111111111111110000000
0000000000000000000010000000
0000000000000000000000000000
0000000000000000000000000000
0000000000000000000000000000
0000000000000000000000000000
0000000000000000000000000000
0000000000000000000000000000
0000000000000000000000000000
