0000000000000000000000000000
0000000000000000000000000000
0000000000000000000000000000
0000000111111111111111111000
0000001000000000000000001000
0000001000000000000000001000
0000001000000000000000001000
0000011000000000000000001100
0000010000000000000000000100
0000010000000000000000000100
0000010000000000000000000100
0000010000000000000000000100
0000011111111111111111111100
0000010000000000000000000100
0000010000000000000000000100
0000010000000000000000000100
0000010000000000000000000100
0000010000000000000000000100
0000010000000000011111111100
0000010000111111110000000100
0000011111100000000000000100
0000010000000000000000000100
0000010000000000000000000100
0000010000000000000000000100
0000010000000000000000000100
0000010000000000000000000100
0000010000000000000000000100
0000011111111111111111111100
