0000000000000000000000000000
0000000000000000000000000000
0000000000000000000000000000
0000000000000000000000000000
0000000000000000000000000000
0000001111111111100000000000
0000001111111111110000000000
0000001100000000111000000000
0000001100000000011000000000
0000001111111110011000000000
0000001111111111111000000000
0000001100000001111000000000
0000001111000000011000000000
0000001111111110011000000000
0000001101111111011000000000
0000001100000000011000000000
0000001100000000011000000000
0000001100000000011000000000
0000001110000000011000000000
0000011110000000011000000000
0000111110000000011000000000
0000000111111100011000000000
0000000001111110011000000000
0000000000000000000000000000
0000000000000000000000000000
0000000000000000000000000000
0000000000000000000000000000
0000000000000000000000000000
