0000000000000000000000000000
0000000000000000000000000000
0000000000000000000000000000
0000000000000000000000000000
0000000000000000000000000000
0000000000000000000000000000
0000000000000000000000000000
0000000011111111110000000000
0000000001000000010000000000
0000000001000000010000000000
0000000001111111010000000000
0000000001000001010000000000
0000000001000000010000000000
0000000001111110010000000000
0000000001000010010000000000
0000000001000000010000000000
0000000001000000010000000000
0000000001111000010000000000
0000000000001111111000000000
0000000000000000001000000000
0000000000000000000000000000
0000000000000000000000000000
0000000000000000000000000000
0000000000000000000000000000
0000000000000000000000000000
0000000000000000000000000000
0000000000000000000000000000
0000000000000000000000000000
