0000000000000000000000000000
0001111000000000000000000000
0010001111000000000000000000
0010000000100000000000000000
0010000000100000000000000000
0010000000100000000000000000
0111111110100000000000000000
0100000000100000000000000000
0100000000100000000000000000
0101111111100000000000000000
0100000000100000000000000000
0100000000100000000000000000
0100000000100000000000000000
0100000000100000000000000000
0000001111100000000000000000
0011110000000000000000000000
0000000000000000000000000000
0000000000000000000000000000
0000000000000000000000000000
0000000000000000000000000000
0000000000000000000000000000
0000000000000000000000000000
0000000000000000000000000000
0000000000000000000000000000
0000000000000000000000000000
0000000000000000000000000000
0000000000000000000000000000
0000000000000000000000000000
