0000000000000000000000000000
0000000000000000000000000000
0000000111111111111111000000
0000000100000000000001000000
0000000100000000000001000000
0000000100000000000001000000
0000000100000000000001000000
0000000100000000000001000000
0000000100000000000001000000
0000000100000000000001000000
0000000111111110000001000000
0000000100000001111111000000
0000000100000000000001000000
0000000100000000000001000000
0000000100000000000001000000
0000000100000000000001000000
0000000100000000000001000000
0000001111111111111111000000
0000000100000000000101000000
0000000100000000000001000000
0000000100000000000001000000
0000000100000000000001000000
0000000110000001111101000000
0000000011111111000111000000
0000000010000000000000000000
0000000000000000000000000000
0000000000000000000000000000
0000000000000000000000000000
