0000000000000000000000000000
0000000000000000000000000000
0000000000000000000000000000
0000001111111111111110000000
0000001000000000000010000000
0000001000000000000010000000
0000001000000000000010000000
0000001000000000000010000000
0000001000000000000010000000
0000001000000000000010000000
0000001111111111111110000000
0000001000000000000010000000
0000001000000000000010000000
0000001000000000000010000000
0000001000000000000010000000
0000001000000000000010000000
0000001000000011111010000000
0000001111111100001110000000
0000001000000000000010000000
0000001000000000000010000000
0000001000000000000010000000
0000001000000000000010000000
0000001000000000000010000000
0000001000000000000010000000
0000001000000000000001000000
0000001111111111111111000000
0000000000000000000000000000
0000000000000000000000000000
