0000000000000000000000000000
0000000000000000000000000000
0000000000000000000000000000
0000000000000000000000000000
0000001111111111110000000000
0000001000000000010000000000
0000001000000000010000000000
0000001000000000010000000000
0000001000000000010000000000
0000001000000000001000000000
0000001000000000001000000000
0000010011111100001000000000
0000011100000000001000000000
0000010000000000001000000000
0000010000000000001000000000
0000010000000000001000000000
0000010000000000001000000000
0000010000000000001000000000
0000010111111000001000000000
0000011000000000010000000000
0000010000000000010000000000
0000010000000011010000000000
0000010000000001010000000000
0000000000000000110000000000
0000001111111100000000000000
0000000000000000000000000000
0000000000000000000000000000
0000000000000000000000000000
