0000000000000000000000000000
0000000000000000000000000000
0000000000000000000000000000
0000000000000000000000000000
0000000000000000000000000000
0000000000000000000000000000
0000000000000000000000000000
0000000001111111100000000000
0000001110000000100000000000
0000001000000000100000000000
0000001000000000100000000000
0000001000000000100000000000
0000001000000000100000000000
0000001001111100100000000000
0000001111000000100000000000
0000001000000000100000000000
0000001000000000100000000000
0000001000000000100000000000
0000001000111100100000000000
0000001111100000100000000000
0000001000000000100000000000
0000001000000000100000000000
0000001000000000100000000000
0000001000000111100000000000
0000001111111100000000000000
0000000000000000000000000000
0000000000000000000000000000
0000000000000000000000000000
