0000000000000000000000000000
0000000000000000000000000000
0000000000000000000000000000
0000011111111111000000000000
0000010000000010000000000000
0000010000000010000000000000
0000010000000110000000000000
0000010000000100000000000000
0000011111100100000000000000
0000010000111100000000000000
0000010000000100000000000000
0000010000000100000000000000
0000010000000100000000000000
0000010000000100000000000000
0000010000000100000000000000
0000011111100100000000000000
0000010000100100000000000000
0000010000000100000000000000
0000010000000100000000000000
0000010000000100000000000000
0000010000000100000000000000
0000010000000100000000000000
0000010000000100000000000000
0000011111111111000000000000
0000010000000100000000000000
0000000000000100000000000000
0000000000000100000000000000
0000000000000000000000000000
