0000000000000000000000000000
0000100100100100000000000000
0001111111111111000000000000
0001000000000001000000000000
0001000000000011000000000000
0001100000000001000000000000
0001001001000011000000000000
0001111111111111000000000000
0001000000000001000000000000
0001100000000011000000000000
0001001001000011000000000000
0001111111111111000000000000
0001000000000001000000000000
0001100000000011000000000000
0001000000000001000000000000
0001000000000001000000000000
0001101010010111000000000000
0001111111111111000000000000
0001000000000001000000000000
0000000000000000000000000000
0000000000000000000000000000
0000000000000000000000000000
0000000000000000000000000000
0000000000000000000000000000
0000000000000000000000000000
0000000000000000000000000000
0000000000000000000000000000
0000000000000000000000000000
