0000000000000000000000000000
0000000000000000000000000000
0000000000000000000000000000
0000000000000000000000000000
0000000111111010000000000000
0000000010000101000000000000
0000000100000001000000000000
0000000010000001000000000000
0000000100000000100000000000
0000000100000000100000000000
0000000010000000100000000000
0000000100000000100000000000
0000000100000000100000000000
0000000101111100100000000000
0000000100000000100000000000
0000000100000000100000000000
0000000100000000100000000000
0000000100000000100000000000
0000000100111000100000000000
0000000100000000100000000000
0000000000000000100000000000
0000000000000000100000000000
0000000010100000100000000000
0000000001111111010000000000
0000000000000000101100000000
0000000000000000000000000000
0000000000000000000000000000
0000000000000000000000000000
