0000000000000000000000000000
0000000000000000000000000000
0000000000000000000000000000
0000000000000000000000000000
0000000000000000000000000000
0000000000000000000000000000
0000000000000000000000000000
0000000000000001111111000000
0000001101111110000001000000
0000000100000000000001000000
0000000100000000000001000000
0000000100000000000001000000
0000000100000000000001000000
0000000010000000000001000000
0000000010000111110001000000
0000000010000000000001000000
0000000010000000000001000000
0000000010000000000001000000
0000000010001111110001000000
0000000010000000000001000000
0000000010000000000001000000
0000000010000000000011000000
0000000010001111111111000000
0000000010000000000000000000
0000000000000000000000000000
0000000000000000000000000000
0000000000000000000000000000
0000000000000000000000000000
