0000000000000000000000000000
0000000000000000000000000000
0000000000000000000000000000
0000000000000000000000000000
0000000000000000000000000000
0000000000111111110000000000
0000000000000000001000000000
0000000001100000001000000000
0000000000000000001000000000
0000000001000000001000000000
0000000001000000001000000000
0000000001011011111000000000
0000000001010100010000000000
0000000001000000010000000000
0000000001000000010000000000
0000000001000000010000000000
0000000001111110010000000000
0000000001000000110000000000
0000000001000000000000000000
0000000010000011100000000000
0000000001111100100000000000
0000000011000000000000000000
0000000000000000000000000000
0000000000000000000000000000
0000000000000000000000000000
0000000000000000000000000000
0000000000000000000000000000
0000000000000000000000000000
