0000000000000000000000000000
0000000000000000000000000000
0000000000000000000000000000
0000000000000000000000000000
0000000000000000000000000000
0000000000000000000000000000
0000000000000000000000000000
0000000000000000000000000000
0000000001111111111111111000
0000001111000000000000001000
0000000100000000000000011000
0000000100000000000000110000
0000000100011110000000100000
0000000111110000000001100000
0000000111000000000001000000
0000000101111110000011000000
0000000100000000000010000000
0000000100000000000110000000
0000000100000000000100000000
0000000111000000011100000000
0000000110111111110000000000
0000000000000000000000000000
0000000000000000000000000000
0000000000000000000000000000
0000000000000000000000000000
0000000000000000000000000000
0000000000000000000000000000
0000000000000000000000000000
