0000000000000000000000000000
0000000000000000000000000000
0000000000000000000000000000
0000000000000000000000000000
0000000000000000000000000000
0000001111111111100000000000
0000011000000000100000000000
0000010000000000100000000000
0000010000000000100000000000
0000010000000000100000000000
0000010011111111100000000000
0000011110000000100000000000
0000010000000000100000000000
0000010000000000100000000000
0000010000000000100000000000
0000010000000000100000000000
0000010000000000100000000000
0000011111111111100000000000
0000010000000000100000000000
0000010000000000100000000000
0000010000000000100000000000
0000010000000000100000000000
0000011111111111100000000000
0000000000000000000000000000
0000000000000000000000000000
0000000000000000000000000000
0000000000000000000000000000
0000000000000000000000000000
