1111111111111111111111111111
1111111111111111111111111111
1111111111111111111111111111
1110000000000000000000000111
1110000000000000000000000111
1110000000000000000000000011
1110000000000000000000000011
1110000000000000000000000011
1110000000000000000000011111
1111111111111111111111111111
1111111111111111111111111111
1111111111111111111111111111
1110000000000000000000000011
1110000000000000000000000011
1110000000000000000000000011
1110000000000000000000000011
1110000000111111111100000011
1111111111111111111111111111
1111111111111111111111111111
1111111111111000001111111111
1110000000000000000000000011
1110000000000000000000000011
1110000000000000000000000011
1110000000000000000000000011
1110000000000000000000000111
1111111111111111111111111111
1111111111111111111111111111
1111111111111111111111111111
