0000001111111111110000000000
0000111111111111111100000000
0001111111111111111100000000
0001111111111111111100000000
0001111100000000111100000000
0001111000000000111100000000
0001111000000000111100000000
0001111111111110111100000000
0001111111111111111100000000
0001111111111111111100000000
0001111111111111111100000000
0001111000000000111100000000
0001111111111110111100000000
0001111111111111111100000000
0001111111111111111100000000
0001111111111111111100000000
0001111000000000111100000000
0001111000000000111100000000
0001111000000000111100000000
0001111000000000111100000000
0001111000000000111100000000
0001111000000000111100000000
0001111000000000111100000000
0001111000001111111100000000
0001111111111111111100000000
0001111111111111111100000000
0001111111111111111000000000
0000111111111100000000000000
