0000000000000000000000000000
0000000000000000000000000000
0000000000000000000000000000
0000000000000000000000000000
0000000000000000000000000000
0000000000000000000000000000
0000000000000000000000000000
0000000001111111110000000000
0000000001000000010000000000
0000000001000000010000000000
0000000001000000010000000000
0000000001000000010000000000
0000000001111000010000000000
0000000001000000010000000000
0000000001000000010000000000
0000000001000000010000000000
0000000001111100010000000000
0000000001000000010000000000
0000000001000000010000000000
0000000001000000010000000000
0000000001000000010000000000
0000000001111111110000000000
0000000000000000000000000000
0000000000000000000000000000
0000000000000000000000000000
0000000000000000000000000000
0000000000000000000000000000
0000000000000000000000000000
