0000000000000000000000000000
0000000000000000000000000000
0000000011111111111111100000
0000001111111111111111100000
0000001111111111111111100000
0000001110000000000011100000
0000001110000000000011100000
0000001110000000000011100000
0000001110000000000011100000
0000001111111111111111100000
0000001111111111111111100000
0000001111111111111111100000
0000001110000000000011100000
0000001110000000000011100000
0000001110000000000011100000
0000001110111111111111100000
0000001111111111111111100000
0000001111111111111111100000
0000001111110000000011100000
0000001110000000000011100000
0000001110000000000011100000
0000001110000000000011100000
0000001110000000000011100000
0000001111111111111111100000
0000000111111111111111100000
0000000111111111111111100000
0000000000000000000000000000
0000000000000000000000000000
