0000000000000000000000000000
0000000000000000000000000000
0000011111111111110000000000
0000111111111111111100000000
0000011111111111111110000000
0000001110000000011111000000
0000001110000000000111000000
0000001110000111100111000000
0000001111111111110111000000
0000001111111111110111000000
0000011111111110000111000000
0000011111000000000111000000
0000011100000000000111000000
0000011100000000000111000000
0000011101111111101111000000
0000111111111111111110000000
0000111111111111111110000000
0000111011100000001110000000
0000111000000000001110000000
0000111000000000001110000000
0000011000000000001110000000
0000011111111111111110000000
0000111111111111111110000000
0000111111111111111100000000
0000000000000000000000000000
0000000000000000000000000000
0000000000000000000000000000
0000000000000000000000000000
