0000000000000000000000000000
0000000000000000000000000000
0000001111111111111111000000
0000011111111111111111100000
0000011111111111111111100000
0000011100000000000011100000
0000011100000000000011100000
0000011100000000000011100000
0000011100000000000011100000
0000011100000000000011100000
0000011100000000000011100000
0000011101111110000011100000
0000011111111111000011100000
0000011111111111000011100000
0000011101100000000011100000
0000011100000000000011100000
0000011111111110000111100000
0000011111111111000111000000
0000011111111111000111000000
0000011100000000000111000000
0000011111111111111111000000
0000111111111111111111000000
0000011111111111111111000000
0000011110000000000011000000
0000000110000000000000000000
0000000000000000000000000000
0000000000000000000000000000
0000000000000000000000000000
