0000000000000000000000000000
0000000000000000000000000000
0000000000000001111110000000
0000000011111111111111000000
0000000111111111111111100000
0000001111111111000111100000
0000001110000000000011100000
0000001110000000000011100000
0000001110000000000011100000
0000001110000000000011100000
0000001110000000000011100000
0000001110000000000011100000
0000001110111100000011110000
0000001111111110000001110000
0000001110111110000001110000
0000001110000000000001110000
0000001110000000000011110000
0000001110001100000011100000
0000011111111110000011100000
0000011111111110000011100000
0000011101111100000011100000
0000011111000000000011100000
0000011111111111111011100000
0000001111111111111111100000
0000000001111111111111100000
0000000000000000001101100000
0000000000000000000000000000
0000000000000000000000000000
