0000000000000000000000000000
0000000000000000000000000000
0000000000000000000000000000
0000000000000000000000000000
0000000000000000000000000000
0000011111100000000000000000
0000010000111111111111000000
0000010000000000000001000000
0000010000000000000001000000
0000010000000000000001000000
0000010000000000000001000000
0000011000000000000001000000
0000011111111111111111000000
0000010000000000000001000000
0000010000000000000001000000
0000010000000000000001000000
0000010000000000000001000000
0000010000000000000001000000
0000011111111111111111000000
0000010000000000000001000000
0000110000000000000001000000
0000100000000000000001000000
0000100000000000000001000000
0000100000000000000001000000
0000111111111111111111000000
0000000000000000000000000000
0000000000000000000000000000
0000000000000000000000000000
