0000000000000000000000000000
0000000000000000000000000000
0000000000000000000000000000
0000000000000000000000000000
0000000000000000000000000000
0000011111111111111110000000
0000010000000000000010000000
0000010000000000000010000000
0000010000000000000010000000
0000010000000000000010000000
0000010000000000000010000000
0000010011111111111110000000
0000010000000000000010000000
0000010000000000000010000000
0000010000000000000010000000
0000010000000000000010000000
0000010000000000000010000000
0000010000000000000010000000
0000010001111111100010000000
0000010000000000000010000000
0000010000000000000010000000
0000010000000000000010000000
0000010000000000000010000000
0000011100000000000010000000
0000010011000000000010000000
0000010000111100000010000000
0000010000000011111111000000
0000010000000000000000000000
