0010001000010001001001001001
1001010010100100100100101010
0100000100010010010111010001
0001010010101111111110101010
0100001111110111000111001001
0010101101001000101001010100
1000010010010010000111010010
0101011001001001010011001001
0000011010000100101011010100
0101011000111111111011010010
0010010101111110100111001010
1000011000000001001011010001
0010100101010100100011001100
0100010010010010010111010010
0001011001001001010001101001
0100110010000100101010100100
0010010100111111111111110101
1000011001111111010101100100
0010101001000000001000110010
0100011010010101010010111001
0010011001000010001010100100
0100101010010101010010010101
0010011111111111111101010010
1000111101100101011110101000
0010000010010010100001000101
0100101000100100010100101001
0010000101001001001010010010
1001010000100100100001001001
