0000000000000000000000000000
0000000000111111111111000000
0000100111111111111111100000
0001111111111111111111110000
0001110111100000000001110000
0001110000000000000001110000
0001110000000000000001110000
0001110000000000000001110000
0001110111111111111111110000
0001111111111111111111110000
0001110111111111111111110000
0001110000000000000001110000
0001110000000000000001110000
0001110000000000000001110000
0001110000000000000001110000
0001110000000000000001110000
0001110000000111111111110000
0001110111111111111111111000
0001111111111111111111111100
0001111111111100000001111100
0001111110000000000001111100
0001110000000000000001111100
0001110000000000000001110000
0001110000000000000001110000
0001110000000000000001110000
0000110111111111111111110000
0000001111111111111111111000
0000000111111111111111111000
