0000000000000000000000000000
0000000000000000001000000000
0000000000010111111110000000
0000000011111111111110000000
0000000011111111111100000000
0000000011110000001110000000
0000000011100000011100000000
0000000011100000001110000000
0000000111100000011100000000
0000000011000000011110000000
0000000111100001011100000000
0000000011101111111110000000
0000000111111111111100000000
0000000111111111011110000000
0000000111100000001100000000
0000000111000000011110000000
0000000111000111111110000000
0000000111111111111100000000
0000001111111111111110000000
0000000111111010001110000000
0000000111000000001110000000
0000001111000010111110000000
0000000111111111111110000000
0000001111111111111110000000
0000001111111101000110000000
0000000010000000000000000000
0000000000000000000000000000
0000000000000000000000000000
