1111111111111111111111111111
1111111111111111111111111111
1111111111111011111111111111
1111111111111111111111111111
1111111000101010101011111111
1111111010110110101010111111
1111111010111111111110101111
1111111110101111110101111111
1111111101011101011111111111
1111110111111111111101111111
1111110100011010101010011111
1111111111011101001111011111
1111111101111111111111111111
1111111101011011111011011111
1111111111011110101110110111
1111111110101110101011011111
1111111111010111111110110111
1111111110111111111111111111
1111111111111111111110111111
1111111110111111111111111111
1111111011011111111111001111
1111111111111111111111111111
1111111110111111011110110111
1111111111111111111110011111
1111111111111111010101111111
1111111110111111101010111111
1111111111111111111111111111
1111111111111111011010111111
