0000000000000000000000000000
0000000000000000000000000000
0000000000000000000000000000
0000000000000000000000000000
0000000000000011100000000000
0000111111111110100000000000
0000100000000000100000000000
0000100000000000100000000000
0000100000000000100000000000
0000100000000000100000000000
0000101111111000100000000000
0000100000000000100000000000
0000110000000000100000000000
0000010000000000100000000000
0000010000000000100000000000
0000010111110000100000000000
0000011100000000100000000000
0000010000000000100000000000
0000001000000000100000000000
0000001000000001000000000000
0000001000011111000000000000
0000001011100111000000000000
0000000010000000000000000000
0000000000000000000000000000
0000000000000000000000000000
0000000000000000000000000000
0000000000000000000000000000
0000000000000000000000000000
