0000000000000000000000000000
0000000000000000000000000000
0000001111111111000000000000
0000011111111111110000000000
0000011111111111111000000000
0000111000000001111000000000
0000111000000000111000000000
0000111111111111111100000000
0000111111111111111100000000
0000111111111111111100000000
0000111100000000011100000000
0000111000000000011100000000
0000111000000011111100000000
0000111000111111111100000000
0000111111111111111100000000
0000011111111110011100000000
0000011111100000011100000000
0000011100000000011100000000
0000011100000000011100000000
0000111100000000011100000000
0000111000111111111100000000
0000111111111111111100000000
0000111111111111111100000000
0000011111100000000000000000
0000000000000000000000000000
0000000000000000000000000000
0000000000000000000000000000
0000000000000000000000000000
