0000000000000000000000000000
0000000000000000000000000000
0000000000000000000000000000
0000000000000000000000000000
0000000111111000000000000000
0000000000001100000000000000
0000010000001100000000000000
0000010000001000000000000000
0000010000001000000000000000
0000011000001000000000000000
0000011111101000000000000000
0000010000101000000000000000
0000010000001000000000000000
0000010000010000000000000000
0000010111111000000000000000
0000010100010000000000000000
0000010000010000000000000000
0000010000010000000000000000
0000010000010000000000000000
0000010000010000000000000000
0000000000010000000000000000
0000000000010000000000000000
0000001111110000000000000000
0000000000010000000000000000
0000000000000000000000000000
0000000000000000000000000000
0000000000000000000000000000
0000000000000000000000000000
