0000000000000000000000000000
0000000000000000000000000000
0000000000000011111000000000
0000000111111111111100000000
0000001111111111111100000000
0000001111111111011100000000
0000001110000000011100000000
0000011110000000011100000000
0000011110000000011110000000
0000011100000000001110000000
0000011100000000001110000000
0000011100111110001110000000
0000011101111111001110000000
0000011101111111001110000000
0000011110000000001110000000
0000001110000000001110000000
0000001111111111111111000000
0000001111111111111111100000
0000001111111111111111100000
0000001110000000001110000000
0000001110000000001110000000
0000001110000000001110000000
0000001110000000001110000000
0000001110000000001110000000
0000001111111111111110000000
0000000111111111111110000000
0000000111111111111110000000
0000000000000000000110000000
