0000000000000000000000000000
0000000000000000000000000000
0000011111111111110000000000
0000111111111111111000000000
0000111111111111111000000000
0000111000000000111000000000
0000111000000000111000000000
0000111000000000111000000000
0000111000000000111000000000
0000111111110000111000000000
0000111111111000111000000000
0000111111111000111000000000
0000111000000000111000000000
0000111000000000111000000000
0000111000000000111000000000
0000111111111000111000000000
0000111111111100111000000000
0000111111111100111000000000
0000111000000000111000000000
0000111000000000111000000000
0000111000000000111000000000
0000111000000000111000000000
0000111111111111111000000000
0000111111111111111000000000
0000011111111111110000000000
0000000000000000000000000000
0000000000000000000000000000
0000000000000000000000000000
