0000000000000000000000000000
0000000000000000000000000000
0000000000000000000000000000
0000001111111111111111000000
0000011111111111111111100000
0000011111111111111111100000
0000011100000000000111100000
0000011100000000000111100000
0000011100000000000011100000
0000011111111111110011100000
0000011111111111111111100000
0000011111111111111111100000
0000011100000000011111100000
0000011100000000000011100000
0000011100000000000011100000
0000011111111111000011100000
0000011111111111111111100000
0000011111111111111111100000
0000011100000001111111100000
0000011110000000000011100000
0000001111100000000011100000
0000001111111111111111100000
0000001111111111111111000000
0000000000111111111111000000
0000000000000000000000000000
0000000000000000000000000000
0000000000000000000000000000
0000000000000000000000000000
