0000000000000000000000000000
0000000000000000000000000000
0000000000000000000000000000
0000000000000000000000000000
0000000000000000000000000000
0000000000000000000000000000
0000001100000000000000000000
0000001111111110000000000000
0000001000000010000000000000
0000001000000010000000000000
0000001000000010000000000000
0000010000000010000000000000
0000010000000010000000000000
0000010000000010000000000000
0000011111110010000000000000
0000010000000010000000000000
0000010000000010000000000000
0000010000000010000000000000
0000100000000010000000000000
0000111100000010000000000000
0000100011000010000000000000
0000100000000010000000000000
0000100000000010000000000000
0000100000000010000000000000
0000111111111110000000000000
0000100000000000000000000000
0000000000000000000000000000
0000000000000000000000000000
