0000000000000000000000000000
0000000000111111111110000000
0000001111000000000010000000
0000001000000000000010000000
0000001000000000000010000000
0000001000000000000010000000
0000001000000000000010000000
0000001111111111111110000000
0000001000000000000010000000
0000001000000000000011000000
0000001000000000000001000000
0000001000111111110001000000
0000001111000000011111000000
0000001000000000000001000000
0000001000000000000001000000
0000001000000000000001000000
0000001000000000000001000000
0000001000000000000001000000
0000001000000000000001000000
0000001000000000000001000000
0000001000000000000001000000
0000010000000000000001000000
0000010000000000011111000000
0000011111111111100000000000
0000000000000000000000000000
0000000000000000000000000000
0000000000000000000000000000
0000000000000000000000000000
