0000000000000000000000000000
0000000000000000000000000000
0000000000000000000000000000
0000000011111111100000000000
0000000000000000110000000000
0000000000000000010000000000
0000000100000000010000000000
0000000100000000010000000000
0000000100000000010000000000
0000000100000000010000000000
0000000111111100010000000000
0000000100000000010000000000
0000000100000000011000000000
0000000100000000001000000000
0000000100000000001000000000
0000000111111111001000000000
0000000100000000001000000000
0000001100000000001000000000
0000001000000000001000000000
0000001000000000001000000000
0000001000000000001000000000
0000001011111111111000000000
0000000000000001101100000000
0000000000000000110100000000
0000000000000000011100000000
0000000000000000000000000000
0000000000000000000000000000
0000000000000000000000000000
