0000000000111111111111100000
0000011111111111111111110000
0000111111111111111111111000
0001111111110000000000111000
0001111000000000000000111000
0001110000000000000000111000
0001110000000000000000111000
0001110000000000000000111000
0001110000000000000000111000
0001111111111110000000111000
0001111111111111111111111000
0001111111111111111111111000
0001110000000011111111111000
0001110000000000000000111000
0001110000000000000000111000
0001110000000000000000111000
0001110000000000000000111000
0001110000011111111110111000
0001110011111111111111111000
0001110111111111111111111000
0001110011110000000000111000
0001110000000000000000111000
0001110000000000000000111000
0001110000000000000111111000
0001111111111111111111111000
0000111111111111111111111000
0000001111111111111110000000
0000000000000000000000000000
