0000000000000000000000000000
0000000000000000000000000000
0000000000000000000000000000
0000000000000000000000000000
0000001111111111111111100000
0000000000000000000000100000
0000010000000000000000100000
0000010000000000000000100000
0000010000000000000000100000
0000010000000000000000100000
0000010000000000000000100000
0000010000000000000000100000
0000010000000000000000100000
0000010000000000000000100000
0000010111111111111000100000
0000010000000000000000100000
0000010000000000000000100000
0000010000000000000000100000
0000010000100000000000100000
0000001000011110000000100000
0000001000000000000000100000
0000001000000000000000100000
0000001000000000000000100000
0000001000000000000000100000
0000001011111111111111100000
0000000000000000000000000000
0000000000000000000000000000
0000000000000000000000000000
