0000000000000000000000000000
0000000000000000000000000000
0000000000000000000000000000
0000000000000000000000000000
0000000000000000000000000000
0000000000000000000000000000
0000000000000000000000000000
0000011111111111111000000000
0000010000000000000100000000
0000010000000000000100000000
0000010000000000000100000000
0000010000000000000100000000
0000010000000000000100000000
0000010111111111111100000000
0000011000000000000100000000
0000010000000000000100000000
0000010000000000000100000000
0000010000000000000100000000
0000010000000000000100000000
0000011111111111111100000000
0000010000000000000100000000
0000010000000000000100000000
0000010000000000000100000000
0000010000000000000100000000
0000010011111111111100000000
0000011100000000000000000000
0000000000000000000000000000
0000000000000000000000000000
