0000000000000000000000000000
0000000000000000000000000000
0000011111111111111111000000
0000010000000000000001111000
0000010000000000000000001000
0000010000000000000000001000
0000010000000000000000001000
0000010000000000000000001000
0000010000000000000000001000
0000010000000000000000001000
0000010000000000000000001000
0000011111111111111111111000
0000010000000000000000001000
0000010000000000000000001000
0000010000000000000000001000
0000100000000000000000001000
0000100000000000000000001000
0000100000000000000000001000
0000111111111110000000001000
0000100000000001111111111000
0000100000000000000000001000
0000100000000000000000001000
0000100000000000000000001000
0000100000000000000000001000
0000000000000000000000001000
0000000000000000000000011000
0000111111111111000000010000
0000000000000000111111111000
