0000000111111111110000000000
0000001111111111111100000000
0000011111111000111100000000
0001011100000000011100000000
0011100000000000011110000000
0011100000000000001110000000
0011100000000000001110000000
0011100000000000001110000000
0011100000000000001111000000
0011100000000000000111000000
0011100011100000000111000000
0011100111110000000111000000
0111101111110000000111000000
0111000111000000000111000000
0111000000000000000111000000
0111000011111100000111000000
0111000111111110000111000000
0111000111111110000111000000
0111000000000000001111000000
0111000000000000001110000000
0111000000000000001110000000
0011000000000000001110000000
0000110000000000001110000000
0001111110000000001110000000
0000111111111100001110000000
0000011111111110001110000000
0000000011111110011110000000
0000000001111000011100000000
