0000000000000000000000000000
0000000000000000000000000000
0000000000000000000000000000
0000000000000000000000000000
0000000000000000000000000000
0000001111111111110000000000
0000001100000000010000000000
0000001000000000010000000000
0000001000000000010000000000
0000001000000000010000000000
0000001000000000010000000000
0000001001111100010000000000
0000001000000000010000000000
0000001000000000010000000000
0000001001111111010000000000
0000001000000000010000000000
0000001000000000010000000000
0000001000000000010000000000
0000001000000000010000000000
0000001111111111100000000000
0000000000000000000000000000
0000000000000000000000000000
0000000000000000000000000000
0000000000000000000000000000
0000000000000000000000000000
0000000000000000000000000000
0000000000000000000000000000
0000000000000000000000000000
