0000000000000000000000000000
0000000000000000000000000000
0000000000000000000000000000
0000000111111111111000000000
0000000100000000001100000000
0000000100000000000100000000
0000000100000000000100000000
0000000100000000000100000000
0000000111111111111100000000
0000000100000000000100000000
0000000100000000000100000000
0000000100000000000010000000
0000000100000000000010000000
0000000100000000000010000000
0000001000000000000010000000
0000001000000000000010000000
0000001111111110000010000000
0000001000000011111010000000
0000001000000000000010000000
0000001000000000000010000000
0000001000000000000010000000
0000001000000000000010000000
0000001000000000000010000000
0000001000000000000010000000
0000011111111111111111000000
0000000000000000000011100000
0000000000000000000010000000
0000000000000000000000000000
