0000000000000000000000000000
0000000000000000000000000000
0000000000000000000000000000
0000000000000000000000000000
0000000000000001101100000000
0000000000101000000000000000
0000000100000000000100000000
0000000000000000000000000000
0000000100000000000010000000
0000000100000000000000000000
0000000100010111101010000000
0000000101000000000100000000
0000000100000000000010000000
0000000100000000000010000000
0000000100000000000010000000
0000000100101111111010000000
0000000100000000000010000000
0000000100000000000010000000
0000000100000000000010000000
0000000100000000000010000000
0000000100000000000010000000
0000000001010111110010000000
0000000000000000000110000000
0000000000000000000000000000
0000000000000000000000000000
0000000000000000000000000000
0000000000000000000000000000
0000000000000000000000000000
