0000000000000000000000000000
0000000000000000000000000000
0000000000000000000000000000
0000000000000000000000000000
0000000000000000000000000000
0000000000000000000000000000
0000000000011111000000000000
0000000001110001000000000000
0000000011000001000000000000
0000000001000001000000000000
0000000001000001000000000000
0000000001000001000000000000
0000000001000001000000000000
0000000001001101000000000000
0000000001111101000000000000
0000000001100001000000000000
0000000001000000100000000000
0000000001000001100000000000
0000000001011110100000000000
0000000001100000100000000000
0000000001000000100000000000
0000000001000000100000000000
0000000010000000100000000000
0000000010000000100000000000
0000000010000000000000000000
0000000110001111100000000000
0000000001110000000000000000
0000000000000000000000000000
