0100100100100101001010010101
0010010010010010101001010010
1001001101010100100101001001
0101010101001010011101010100
0100001100100010101110101010
0010100110011010111110010010
1001011111111111110110101010
0100000111101000001110100101
0101010100010010100110010100
0010010101001010101111010010
1001001101101010110110101010
0100100101111111111110010101
0100011101110000000110100100
0010101100001101101010101010
1001001101100100010011010010
0100010100010011111110101010
0010101101111110111011010010
1001001101111010000111010101
0100100101000101010111001000
0100010110101001010011010101
0010101100100100101000100100
1010000110010101001010101010
0001010111011111101010010010
1010010111111101101001001001
0100100100000010100100101010
0010010010110100010010100100
1001001001001010101010010101
0100100100100010010010100100
