0000000000000000000000000000
0000000000000000001110000000
0000001111111111111111000000
0000011111111111111111100000
0000011111111111111111100000
0000011100000000000011100000
0000011100000000000011100000
0000011100000000000011100000
0000011100000000000011100000
0000011100000000000011100000
0000011111111111100011100000
0000011111111111110111100000
0000011111111111110111100000
0000011100000000000111000000
0000011100000000000111000000
0000011100111111110111000000
0000011111111111111111000000
0000011111111111111111000000
0000011111100000000111000000
0000011100000000000111000000
0000011100000000000111000000
0000011100000000000111000000
0000011100000000000111000000
0000011111111000000111000000
0000011111111111111111000000
0000011111111111111111000000
0000001111111111111111000000
0000000000000000000000000000
