0000000000000000000000000000
0000000000000000000000000000
0000000000000000000000000000
0000000000000000000000000000
0000000000000000000000000000
0000000000000000000000000000
0000000000000000000000000000
0000000001110000000000000000
0000000001110000111111110000
0000000001111111111111110000
0000000001111111111111110000
0000000001111111111001110000
0000000001111110000001110000
0000000001110011111111110000
0000000001110011111111110000
0000000001110011111111110000
0000000001111111111101110000
0000000001111111111111110000
0000000001111111111111110000
0000000001110111110111110000
0000000001110111110111100000
0000000001110000000111000000
0000000001110000000111000000
0000000001110000000111000000
0000000000001111111111110000
0000000000001111111111110000
0000000000001111111111110000
0000000000000000000000000000
