0000000000000000000000000000
0000000000000000000000000000
0000000000000000000000000000
0000000000000000000000000000
0000000000000000000000000000
0000000000000101011100000000
0000000000000000000010000000
0000000001000000000010000000
0000000000000000000010000000
0000000001000000000010000000
0000000000000000000000000000
0000000001011111111110000000
0000000001000000000001000000
0000000000000000000000000000
0000000010000000000001000000
0000000000000010110101000000
0000000011011000000001000000
0000000010000000000001000000
0000000010000000000001000000
0000000010000000000001000000
0000000010000000000001000000
0000000010000101010001000000
0000000010010000001011000000
0000000000000000000000000000
0000000000000000000000000000
0000000000000000000000000000
0000000000000000000000000000
0000000000000000000000000000
