0000000000000000000000000000
0000000000000000000000000000
0000000000000000000000000000
0000000000000000000000000000
0000000000000111110000000000
0000000001111000010000000000
0000000001000000011000000000
0000000001000000001000000000
0000000001000000001000000000
0000000001000000001000000000
0000000001000010001000000000
0000000001001110001000000000
0000000001010000001000000000
0000000001000000001000000000
0000000001000000001000000000
0000000001000000111000000000
0000000001011111001000000000
0000000001100000001000000000
0000000000000000101000000000
0000000000001111100000000000
0000000000111000000000000000
0000000000000000000000000000
0000000000000000000000000000
0000000000000000000000000000
0000000000000000000000000000
0000000000000000000000000000
0000000000000000000000000000
0000000000000000000000000000
