0000000000000000000000000000
0000000000000000000000000000
0000000000000000000000000000
0000000000000000000000000000
0000000000000000000000000000
0000110000000111110000000000
0011111111111000010000000000
0000100000000000010000000000
0000100000000000010000000000
0001000000000000011000000000
0001101010010100010000000000
0001110111101000010000000000
0011000000000001100000000000
0010000000000001100000000000
0010000000000001000000000000
0010000000000001000000000000
0010000000000001000000000000
0010000000000001000000000000
0111111111111010000000000000
0100000000000110000000000000
0110000000000100000000000000
0010000000000100000000000000
0010000000000100000000000000
0010000000000100000000000000
0011111111111100000000000000
0000000000001110000000000000
0000000000000100000000000000
0000000000011000000000000000
