0000000000000000000000000000
0000000000000000000000000000
0000000000000000000000000000
0000000000000000000000000000
0000000111111111110000000000
0000011000000000010000000000
0000000000000000010000000000
0000000000000000010000000000
0000010000000000010000000000
0000010000000000011000000000
0000010000000000001000000000
0000011111111110001000000000
0000010000000000001000000000
0000010000000000001000000000
0000010000000000001000000000
0000011111111111111000000000
0000010000000000001000000000
0000010000000000001000000000
0000010000000000001000000000
0000010000000000001000000000
0000110000000000001000000000
0000100000000000001000000000
0000100000000000011000000000
0000100111111111111000000000
0000111100000000000000000000
0000000000000000000000000000
0000000000000000000000000000
0000000000000000000000000000
