0000000000000000000000000000
0000000000000000000000000000
0000000000000000000000000000
0000000001111111111000000000
0000011111000000001000000000
0000010000000000001000000000
0000010000000000001000000000
0000010000000000001000000000
0000010000000000001000000000
0000010000000000001000000000
0000010000000000001000000000
0000010000000000001000000000
0000011111111111111000000000
0000010000000000001000000000
0000010000000000001000000000
0000010000000000001000000000
0000011111111111111000000000
0000010000000000001000000000
0000010000000000001000000000
0000010000000000001000000000
0000010000000000001000000000
0000111111111111111100000000
0000000000000000001000000000
0000000000000000000000000000
0000000000000000000000000000
0000000000000000000000000000
0000000000000000000000000000
0000000000000000000000000000
