0000000000000000000000000000
0000000000000000000000000000
0000111111111110000000000000
0001111111111111111111000000
0001111111111111111111100000
0001110000000011111111100000
0001110000000000000011100000
0001110000000000000011100000
0001110000000000000011100000
0001110000000000000011100000
0001110000000000000011100000
0001110111110000000011100000
0001111111111111110011100000
0001110111111111111011100000
0001110000011111111111100000
0001110000000000011111100000
0001110000000000000001110000
0001110000000000000001110000
0001110000000000010001110000
0001110000001111111001110000
0001110001111111111001110000
0001110011111111111001110000
0001110001111000000001110000
0001110000000000000001110000
0001110111111111111101110000
0000111111111111111110000000
0000111111111111111110000000
0000111110000000000000000000
