0000000000000000000000000000
0000000000000000000000000000
0000000000000000000000000000
0000000000000000000000000000
0000000000000000000000000000
0000000000000000000000000000
0000000000011111100000000000
0000000011100000100000000000
0000001100000000100000000000
0000001000000000100000000000
0000000100000000010000000000
0000000100000000010000000000
0000000100000000010000000000
0000000100000000010000000000
0000000111111100010000000000
0000000100000000001000000000
0000000100000000001000000000
0000000100000000001000000000
0000000101111100001000000000
0000000100000000001000000000
0000000100000000001000000000
0000000100000000011000000000
0000000101111111111000000000
0000000100000000000000000000
0000000100000000000000000000
0000000000000000000000000000
0000000000000000000000000000
0000000000000000000000000000
