0000000000000000000000000000
0000000000000000000000000000
0000000000000000000000000000
0000000011111111111000000000
0000000110010101011000000000
0000000101000000010100000000
0000000110000000011000000000
0000000100000000010000000000
0000000110000000011000000000
0000000100000000010000000000
0000000110000000011000000000
0000000111111111010000000000
0000000101010101011000000000
0000000110000000001000000000
0000000100100100101000000000
0000000111111111111000000000
0000000100000000011100000000
0000000110000000001000000000
0000000110000000001100000000
0000000100000000001000000000
0000000110000000001100000000
0000000110010010001100000000
0000000111111111010100000000
0000000000100101111000000000
0000000000000000011100000000
0000000000000000000000000000
0000000000000000000000000000
0000000000000000000000000000
