0000000000000000000000000000
0000000000000000000000000000
0000000000000000000000000000
0000000000000000000000000000
0000001111111111110000000000
0000010000000000010000000000
0000010000000000010000000000
0000010000000000010000000000
0000010000000000010000000000
0000010111111110010000000000
0000011000000000010000000000
0000010000000000010000000000
0000010000000000010000000000
0000010000000000010000000000
0000011111111111110000000000
0000010000000001110000000000
0000010000000000010000000000
0000010000000000010000000000
0000010000000000010000000000
0000010000000000010000000000
0000010000000000010000000000
0000010000001111111000000000
0000011111111000001100000000
0000000000000000000000000000
0000000000000000000000000000
0000000000000000000000000000
0000000000000000000000000000
0000000000000000000000000000
