0000000000000000000000000000
0000000000000000000000000000
0000000000000000000000000000
0000000111111111111000000000
0000010000000000001000000000
0000010000000000001000000000
0000010000000000001000000000
0000011000000000001000000000
0000001110000000001000000000
0000001001111111111000000000
0000001000000000001000000000
0000001000000000001000000000
0000001000000000001000000000
0000001000000011010000000000
0000001111111110010000000000
0000011000000000010000000000
0000010000000000010000000000
0000010000000000010000000000
0000000000000000010000000000
0000000000000000010000000000
0000000000111111010000000000
0000011111100000000000000000
0000000000000000000000000000
0000000000000000000000000000
0000000000000000000000000000
0000000000000000000000000000
0000000000000000000000000000
0000000000000000000000000000
