0000000000000000000000000000
0000000000000000000000000000
0000000000000000000000000000
0000011111111111111000000000
0000111111111111111100000000
0000111111111111111110000000
0000111000000000001110000000
0000111000000000001110000000
0000111000000000001110000000
0000111000000011111110000000
0000111011111111111110000000
0000111111111111111110000000
0000111011111110001110000000
0000111100000000001110000000
0000111100000000001110000000
0000011100000000001110000000
0000011100000011101110000000
0000011111111111111110000000
0000011111111111111110000000
0000011111111111001110000000
0000011100000000001110000000
0000011100000000001110000000
0000001100000011111110000000
0000001111111111111110000000
0000011111111111111110000000
0000011111111111000000000000
0000000000000000000000000000
0000000000000000000000000000
