0010010010010010010010100101
1001001001001001001010010100
0100100100100101110101010010
0010010010010010101000101010
1001001001001000110101001001
0010010010101011111101010100
0100111111111111110010010010
0010011100000000111010101010
1001010010101010110101001001
0010011001111111110100100100
0100101010111100111010101010
0000110100000010010100100101
0101011001010101011010101000
0010010100100010011101001010
1000110010101111111010100101
0010011011111111101100010010
0100101001000000010101010100
0001011010010101011101001001
0100010100101001000100100100
0010011010010010101010010101
1001011001001001110101010010
0010001101111111101000101001
0100101111010100010010000100
0010010100100010100101010101
0100001001001001001001010010
0010100100100100100100001000
0100010010010010010010100101
0010101001001001001001010010
