0000000000000000000000000000
0000000000000000000000000000
0000000000000000000000000000
0000000000001111110000000000
0000001111110000010000000000
0000000100000000010000000000
0000000100000000010000000000
0000000100000000010000000000
0000000100000000010000000000
0000000100000111110000000000
0000000111111100010000000000
0000000100000000010000000000
0000000100000000010000000000
0000000100000000010000000000
0000001100000000010000000000
0000001000000000010000000000
0000001000000111110000000000
0000001111111100010000000000
0000001000000000010000000000
0000001000000000010000000000
0000001000000000010000000000
0000001000000000011000000000
0000001000000111110000000000
0000001111111100000000000000
0000000000000000000000000000
0000000000000000000000000000
0000000000000000000000000000
0000000000000000000000000000
