0000000000000000000000000000
0000000000000000000000000000
0000000000000000000000000000
0000000000000000000000000000
0000000000000000000000000000
0000000000111000000000000000
0000011111001000000000000000
0000100000000100000000000000
0000100000000100000000000000
0000100000000100000000000000
0000100000000100000000000000
0000100011111100000000000000
0000111110000100000000000000
0000100000000100000000000000
0000100000000100000000000000
0001100001100100000000000000
0001000011000100000000000000
0001001100000100000000000000
0000000000000100000000000000
0000000000001100000000000000
0000000000001100000000000000
0011111111111110000000000000
0000000000000000000000000000
0000000000000000000000000000
0000000000000000000000000000
0000000000000000000000000000
0000000000000000000000000000
0000000000000000000000000000
