0000000000000000000000000000
0000000000000000000000000000
0000000000000000000000000000
0000000111111000000000000000
0000000100011111111111111000
0000000100000000000000001000
0000000100000000000000001000
0000000100000000000000001000
0000000100000000000000010000
0000000100000000000000010000
0000000100000000000000010000
0000000111111111111111010000
0000000100000000000000100000
0000000100000000000000100000
0000000100000000000000100000
0000000100000000000000100000
0000000100000000000000100000
0000000100111100000000100000
0000000111100011111110100000
0000000100000000000001111100
0000000100000000000000100000
0000000100000000000000100000
0000000100000000000000100000
0000000100000000000000100000
0000000100000001111111100000
0000011111111110000000000000
0000000000000000000000000000
0000000000000000000000000000
