0000000000000000000000000000
0000000001111111111111000000
0000111111111111111111100000
0000111111111111111111100000
0000111111000000000011110000
0000111000000000000011110000
0000111000000000000001110000
0000111000000000000001110000
0000111000000000000001110000
0000111000000000000001110000
0000111000000000000001110000
0000111000000000000001110000
0000111111111110000001110000
0000111111111111000001110000
0000111111111111000001110000
0001111000000000000001110000
0001110000000000000001110000
0001110000000000000001110000
0001110111111111110001110000
0001111111111111111001110000
0001110111111111111001110000
0011110000000000000001110000
0011100000000000000001110000
0011111111000000000001110000
0011111111111111111101110000
0001111111111111111111110000
0000000001111111111111110000
0000000000000000000000110000
