0000000000000000000000000000
0000000000000000000000000000
0000000000000000000000000000
0000000000000000000001000000
0000000000000000111111100000
0000000111111111111111110000
0000001111111111111111110000
0000001111111111000001110000
0000000110000000000001110000
0000001111000000000011100000
0000001110000000000011100000
0000000110000000000011100000
0000001110000000000011100000
0000001110000010111111100000
0000001111111111111111100000
0000001111111111111111100000
0000001111111101000011100000
0000001110000000000011100000
0000001110000000001111100000
0000001110000101111111100000
0000001111111111111111100000
0000001111111111111011100000
0000001111111010000011100000
0000001110000000000011100000
0000001110000000000011100000
0000001111111111111111110000
0000001111111111111111110000
0000000111111111111111110000
