0000000000000000000000000000
0000000000000000000000000000
0000011111111111111100000000
0000111111111111111110000000
0000111111111111111110000000
0000111000000000001110000000
0000111000000000001110000000
0000111000000000001110000000
0000111000000000001110000000
0000111111111100001110000000
0000111111111110001110000000
0000111111111110001110000000
0000111000000000001110000000
0000111000000000001110000000
0000111000000000001110000000
0000111111111100001110000000
0000111111111110001110000000
0000111111111110001110000000
0000111000000000001110000000
0000111000000000001110000000
0000111111111111111110000000
0000111111111111111110000000
0000011111111111111110000000
0000000000000000000000000000
0000000000000000000000000000
0000000000000000000000000000
0000000000000000000000000000
0000000000000000000000000000
