0000000000000000000000000000
0000000000000000000000000000
0000000000000000000000000000
0000000000000000000000000000
0000000000000000000000000000
0000000000000011111100000000
0000000001111100000100000000
0000000010000000000100000000
0000000010000000000100000000
0000000010000000000100000000
0000000010000000000100000000
0000000010000000000100000000
0000000010011111110100000000
0000000010000000000100000000
0000000010000000000100000000
0000000010000000000100000000
0000000010000000000100000000
0000000010111111000100000000
0000000010000000000100000000
0000000010000000000100000000
0000000000011111111100000000
0000000000000000000100000000
0000000000000000000000000000
0000000000000000000000000000
0000000000000000000000000000
0000000000000000000000000000
0000000000000000000000000000
0000000000000000000000000000
