0000000000000000000000000000
0000000000000000000000000000
0000001111111111100000000000
0000011111111111110000000000
0000011000000000110000000000
0000011000000000110000000000
0000011000000000110000000000
0000011000000001110000000000
0000011111111111100000000000
0000011111111111100000000000
0000011000000001100000000000
0000011000000001100000000000
0000011000000001100000000000
0000011000000001100000000000
0000011000000001100000000000
0000011111111111100000000000
0000111111111111100000000000
0000111000000001100000000000
0000110000000001100000000000
0000110000000001100000000000
0000110000000001100000000000
0000110000000001100000000000
0000110000000001100000000000
0000111111111111100000000000
0000111111111111100000000000
0000000000000000000000000000
0000000000000000000000000000
0000000000000000000000000000
