0000000000000000000000000000
0000000000000000000000000000
0001111111111110000000000000
0000100000000011111110000000
0000100000000000000010000000
0000100000000000000010000000
0000100000000000000100000000
0000100000000000000100000000
0000100000000000000100000000
0000100000000000000100000000
0000111111111111111100000000
0000100000000000000100000000
0000100000000000000100000000
0000100000000000001100000000
0000100000000000001000000000
0000100000000000001000000000
0000111111111111111000000000
0000100000000000001000000000
0000100000000000001000000000
0000100000000000001000000000
0000100000000000001000000000
0000100000000000001000000000
0000100000000000001000000000
0000111111111100001000000000
0000100000000111101000000000
0000000000000000111000000000
0000000000000000110000000000
0000000000000000010000000000
