0000000000000000000000000000
0000000000000000000000000000
0000000000000000000000000000
0000000000000000000000000000
0000000000000000000000000000
0000000000000000000000000000
0000000000000000000000000000
0000000000000000000000000000
0000001111100000000000000000
0000000010011111111000000000
0000000010000000001000000000
0000000010000000001000000000
0000000010011111111000000000
0000000010000000111000000000
0000000010000000110000000000
0000000010000011110000000000
0000000010011100010000000000
0000000010000000010000000000
0000000010000000110000000000
0000000011000000100000000000
0000000001001111100000000000
0000000001110000000000000000
0000000001000000000000000000
0000000000000000000000000000
0000000000000000000000000000
0000000000000000000000000000
0000000000000000000000000000
0000000000000000000000000000
