0000000000000000000000000000
0000000000000000000000000000
0000000000000000000000000000
0000000000000000000000000000
0000000000000000000000000000
0000000000000000000000000000
0000000111111111111111111000
0000000011000000000000001000
0000000010000000000000001000
0000000010000000000000001000
0000000010000000000000001000
0000000010011111111111111111
0000000010010000000000001001
0000000001000000000000001000
0000000001000000000000001000
0000000001000000000000001000
0000000001000000000000001001
0000000001000111111111111111
0000000001111000000000001000
0000000001000000000000001000
0000000000100000000000001000
0000000000100000000000001000
0000000000100000000000111000
0000000000111111111111100000
0000000000100000000000000000
0000000000000000000000000000
0000000000000000000000000000
0000000000000000000000000000
