0100100100100100100101001001
0010010010010010010100101010
1001001001010101010010100101
0100100100100010010101010010
0010010010010101001000101001
1001001011001000111010100100
0100100110100111101110010101
0010010111111111111101010010
1001001101010000010100101001
0101010110001010101010010100
0010000101010010011010100010
1001010100101001001010011010
0100000110000111101101000100
0010101010111101101101010010
1001000101110010011100101010
0100101110001001001101010010
0010000101010101110101001001
1001010110011111100110100100
0100100110111000010110010101
0010001010001010101001010010
1001010011010101010101001001
0100001011011111110010100100
0010100101111000010100010101
1001010011000101010010101000
0100001000101010101001000101
0010100101000100000101010100
1001010010010010110100100101
0100010100101010001001010010
