0000000000000000000000000000
0000000011110000000000000000
0000000000011111111000000000
0000001000000000001110000000
0000001000000000000010000000
0000001000000000000010000000
0000001100000000000011000000
0000000100000000000001000000
0000000100000000000001000000
0000000100000000000001000000
0000000100000000000001000000
0000000100000000000001000000
0000000101111111000001100000
0000000100000000000000100000
0000000100000000000000100000
0000000100000000000000100000
0000000100000000000000100000
0000000100111111111000100000
0000000101100000000000100000
0000000100000000000000100000
0000000100000000000000100000
0000000100000000000000100000
0000000100000000000000100000
0000000100111111110010100000
0000000100000000000010100000
0000000100000000000011100000
0000000000000000000001000000
0000000000000000000000000000
