0000000000000000000000000000
0000000000000000000000000000
0000000000000000000000000000
0000000000000000000000000000
0000000001000000000000000000
0000000001111111000000000000
0000000001000001000000000000
0000000001000001000000000000
0000000001000001000000000000
0000000001000001000000000000
0000000001000001000000000000
0000000001000001000000000000
0000000001111101000000000000
0000000001000001000000000000
0000000011000001000000000000
0000000010000001000000000000
0000000011110001000000000000
0000000010011111000000000000
0000000010000001000000000000
0000000010000001000000000000
0000000010000001000000000000
0000000011000001000000000000
0000000011111111000000000000
0000000000000000000000000000
0000000000000000000000000000
0000000000000000000000000000
0000000000000000000000000000
0000000000000000000000000000
