0000000000000000000000000000
0000000000000000010100000000
0000010010101111111100000000
0000111111111111111100000000
0000111111111111111100000000
0000111101010000011100000000
0000111000000000011100000000
0000111000000000111000000000
0000111000000000011100000000
0000111000000011111000000000
0000111111111111111100000000
0000111111111111111100000000
0001111111111100111000000000
0000111000000000011100000000
0000111000000101111100000000
0000111111111111111100000000
0000111111111111111100000000
0000111111111100011100000000
0000111000000000011100000000
0000111000000000011100000000
0000111000000000011100000000
0000111000000000011100000000
0000111111111111111110000000
0000111111111111111110000000
0000011111111111111100000000
0000000000000000001100000000
0000000000000000001000000000
0000000000000000000000000000
