0000000000000000000000000000
0000000000111111111100000000
0000000111111111111110000000
0000001111111111111110000000
0000001111100000001110000000
0000001110000000001110000000
0000001110000000001110000000
0000001111111111001110000000
0000001111111111101110000000
0000001111111111101110000000
0000001110000000001110000000
0000001110000000001110000000
0000001110000000001110000000
0000001110000000001110000000
0000001111111000001110000000
0000001111111100001110000000
0000001111111100001110000000
0000001110000000001110000000
0000001110000000001110000000
0000011110000111111110000000
0000011111111111111110000000
0000011111111111111110000000
0000001111111100000000000000
0000000000000000000000000000
0000000000000000000000000000
0000000000000000000000000000
0000000000000000000000000000
0000000000000000000000000000
