0000000000000000000000000000
0000000000000000000000000000
0000000000000000000000000000
0000000000000000000000000000
0000000001111111111110000000
0000000010000000000010000000
0000000010000000000010000000
0000000010000000000010000000
0000000010000000000010000000
0000000010000000000010000000
0000000010000000000010000000
0000000010000000000010000000
0000000010011111110010000000
0000000010000000010010000000
0000000010000000000010000000
0000000010000000000010000000
0000000010011111100010000000
0000000010000001100100000000
0000000010000000000100000000
0000000010000000100100000000
0000000011100000101100000000
0000000010111111111100000000
0000000010000000010100000000
0000000000000000001100000000
0000000000000000001000000000
0000000000000000000000000000
0000000000000000000000000000
0000000000000000000000000000
