0000000000000000000000000000
0000000000000000000000000000
0000000000000000000000000000
0000000000000000000000000000
0000000000000000000000000000
0000000001111111111100000000
0000000001000000000100000000
0000000001000000000100000000
0000000001000000000100000000
0000000001000000000100000000
0000000001111111111100000000
0000000001000000000100000000
0000000001000000000100000000
0000000001000000000100000000
0000000001111111111100000000
0000000001000000000100000000
0000000001000000000100000000
0000000001100000000100000000
0000000000100000000100000000
0000000000100000000100000000
0000000000111111111100000000
0000000000000000000000000000
0000000000000000000000000000
0000000000000000000000000000
0000000000000000000000000000
0000000000000000000000000000
0000000000000000000000000000
0000000000000000000000000000
