0000000000000000000000000000
0000000000000000000000000000
0000000000000000000000000000
0000000011111111111000000000
0000000000000000001110000000
0000000100000000000011000000
0000000100000000000001000000
0000000100000000000001000000
0000000100000000000001000000
0000000100000000000001000000
0000000101111110000001000000
0000000111000000000001000000
0000000100000000000001000000
0000000100000000000001000000
0000000100000000000001000000
0000000100000000000001000000
0000000100000011000001000000
0000000101111100000001000000
0000000100000000000001000000
0000000100000000000001000000
0000000100000000000001000000
0000000100000000010001000000
0000000111111111111001000000
0000000000000000001101000000
0000000000000000000111000000
0000000000000000000011000000
0000000000000000000000000000
0000000000000000000000000000
