0000000111111111110000000000
0000001111111111111111111101
0000011111111111111111111111
0000111101010101111111111111
0000010000000000101010101111
0000111000000000000000000111
0001110000000000000000001111
0011111000000000000000000111
0001110000000000000000001111
0011111000000000000000000111
0001110000000000000000001111
0011111111111111111111111111
0001111111111111111111111111
0011111111111111111111111111
0011111011010101010101010111
0111100000000000000000001111
0011110000000000000000000111
0111100000000000000000001111
0011110000000000000000000111
0111111111111111111111111111
0011111111111111111111111111
0111111111111111111111111111
0011110101010101010101011111
0111100000000000000000000111
0011100000000000000000001111
0111000000000000000000000111
0011111111111111111111111111
0111111111111111111111111111
