0000000000000000000000000000
0000000000000000000000000000
0000000000000000000000000000
0000000000000000000000000000
0000000000000000000000000000
0000000111100000000000000000
0000011111111000000000000000
0000011000011100000000000000
0000011000001100000000000000
0000011111111100000000000000
0000011111111000000000000000
0000011000011000000000000000
0000011111111000000000000000
0000011111110000000000000000
0000011000110000000000000000
0000111000110000000000000000
0000110000110000000000000000
0000110000110000000000000000
0000111111110000000000000000
0000111111110000000000000000
0000000000000000000000000000
0000000000000000000000000000
0000000000000000000000000000
0000000000000000000000000000
0000000000000000000000000000
0000000000000000000000000000
0000000000000000000000000000
0000000000000000000000000000
