0000000000000000000000000000
0000000000000000000000000000
0000000000000000000000000000
0000000000000000000000000000
0000000000000000000000000000
0000001111111111111000000000
0000001000000000001000000000
0000001000000000001000000000
0000001000000000001000000000
0000001000000000001000000000
0000001000000000001000000000
0000001000000000001000000000
0000001111111111001000000000
0000001000000000001000000000
0000001000000000001000000000
0000000100000000001000000000
0000000100000000001000000000
0000000100000000001000000000
0000000101111110001000000000
0000000100000000001000000000
0000000100000000001000000000
0000000110000000001000000000
0000000010000000001000000000
0000000010000000001000000000
0000000011111111101000000000
0000000111000000001000000000
0000000000000000000000000000
0000000000000000000000000000
