0100100100100100100100100100
0101010010010010101010010010
0010001010101010010010101010
1001010010010001010100100101
0101001001001010100010010010
0100101010101010011010101001
0010100101101001011001001010
1010010110100101011010100100
0101001010010100110100010010
0000100111011111111010101001
1010101001000010010100100101
0101001011011010111010010100
0100100101000101010001010010
0010010011111111111010101010
1010101001010001010101000101
0100100111001010011000101000
0010010011101010110101010101
1010101011101001011010000100
0100100100010111111001010010
0010010010101000011010101010
1010101010010101011001001001
0100100101001001011100101010
0010010010100101000101010010
1010101001010010101010001001
0100100100101001010010101010
0010010101001010001001010010
1010101001010001010100101001
0100100101001010100101000100
