0000000000000000000000000000
0000000000000000000000000000
0000000000000000000000000000
0000000011111111110000000000
0000000000000000010000000000
0000000100000000010000000000
0000000100000000010000000000
0000000100000000010000000000
0000000100000000010000000000
0000000100000000100000000000
0000000111111100100000000000
0000000100000000100000000000
0000000100000000100000000000
0000000100000001000000000000
0000001000000001000000000000
0000001000000001000000000000
0000001000000001000000000000
0000001111111111000000000000
0000011000000010000000000000
0000010000000010000000000000
0000010000000010000000000000
0000010000000010000000000000
0000110000000010000000000000
0000100000000010000000000000
0001111111111110000000000000
0000000000000000000000000000
0000000000000000000000000000
0000000000000000000000000000
