0000000000000000000000000000
0000000000000000000000000000
0000000000000000000000000000
0000000000000000000000000000
0000100000000011000000000000
0000111111111111000000000000
0000010000000001000000000000
0000010000000001000000000000
0000010000000001000000000000
0000010000000001000000000000
0000010000000001000000000000
0000010000000001000000000000
0000011111111111100000000000
0000010000000000100000000000
0000010000000000100000000000
0000010000000000100000000000
0000010000000001100000000000
0000011111111111100000000000
0000001000000000100000000000
0000001000000000100000000000
0000001000000000100000000000
0000001000000001100000000000
0000001000000001000000000000
0000001011111111000000000000
0000001110000000000000000000
0000000000000000000000000000
0000000000000000000000000000
0000000000000000000000000000
