0000000000000000000000000000
0000000000000000000000000000
0000000010000000000000000000
0000000010000000000000000000
0000000011110000000000000000
0000000010011111111000000000
0000000010000000001000000000
0000000010000000001000000000
0000000010000000001000000000
0000000110000000001000000000
0000000100000000001000000000
0000000100000000001000000000
0000000111111100001000000000
0000000100000000001000000000
0000000100000000000100000000
0000000101000000000100000000
0000000101111100000100000000
0000000100000000000100000000
0000000100000000000100000000
0000001100000000011110000000
0000001111111111110000000000
0000000000000000000000000000
0000000000000000000000000000
0000000000000000000000000000
0000000000000000000000000000
0000000000000000000000000000
0000000000000000000000000000
0000000000000000000000000000
