0000000000000000000000000000
0000000000000000000000000000
0000000000000000000000000000
0000000000000000000000000000
0000011111111111110000000000
0000010000000000010000000000
0000010000000000010000000000
0000010000000000110000000000
0000010000000000100000000000
0000010000000000100000000000
0000011111111111100000000000
0000010000000000110000000000
0000010000000000010000000000
0000010000000000110000000000
0000010000000000100000000000
0000010000000000100000000000
0000010000000000100000000000
0000011111111111100000000000
0000011000000000100000000000
0000010000000000100000000000
0000010000000000100000000000
0000010000000000100000000000
0000010000000000100000000000
0000010000000000100000000000
0000011111111111100000000000
0000000000000000000000000000
0000000000000000000000000000
0000000000000000000000000000
