0000000000000000000000000000
0000000000000000000000000000
0000000000000000000000000000
0000000000000000000000000000
0000000010101010101000000000
0000000011101010101000000000
0000000010000000001000000000
0000000100000000001000000000
0000000110000000000100000000
0000000111111111001000000000
0000000100000000000100000000
0000000100000000000100000000
0000000100000000000100000000
0000000100000000000100000000
0000000100000000000100000000
0000000100000000000100000000
0000000100000000000100000000
0000001111111111100100000000
0000000100000000000100000000
0000000100000000000100000000
0000000100000000001000000000
0000000100000000000100000000
0000000100000000001000000000
0000000011111111111111000000
0000000000000000000000000000
0000000000000000000000000000
0000000000000000000000000000
0000000000000000000000000000
