0000111111111111111111100000
0001111111111111111111100000
0011111111000000000011100000
0011100000000000000011110000
0011100000000000000001110000
0011100000000000000001110000
0011100000000000000001110000
0011100000001111110001110000
0011100111111111111001110000
0011101111111111111001110000
0011100111111000000001110000
0011100000000000000001110000
0011100000000000000001110000
0011100000111111100001110000
0011100011111111111101110000
0011100111111111111111110000
0011100011100000111111110000
0011100000000000000001110000
0011100000000000000001110000
0011100000000000000001110000
0011100111111111111101110000
0001101111111111111111110000
0000000111111111111111110000
0000000000000000000111110000
0000000000000000000001110000
0000000000000000000001110000
0000000000000000000001110000
0000000000000000000000000000
