0000000000000000000000000000
0000000000000000000000000000
0000000000000000000000000000
0000000000000000000000000000
0000000100100000000000000000
0000000000000100000000000000
0000000000000000000000000000
0000000000000000000000000000
0000010001000100000000000000
0000000100000000000000000000
0000000000000000000000000000
0000000000000000000000000000
0000001000000100000000000000
0000000000000000000000000000
0000000010100000000000000000
0000001000000100000000000000
0000000000000000000000000000
0000000000000000000000000000
0000000000000000000000000000
0000010000001000000000000000
0000000101001000000000000000
0000000000000000000000000000
0000000000000000000000000000
0000000000000000000000000000
0000000000000000000000000000
0000000000000000000000000000
0000000000000000000000000000
0000000000000000000000000000
