0000000000000000000000000000
0000000000000000000000000000
0000000000000000000000000000
0000000000000000000000000000
0000000000000000000000000000
0000000000000000000000000000
0000000000111111111000000000
0000000000100000001000000000
0000000000100000001000000000
0000000000100000001000000000
0000000000100000001000000000
0000000000111100001000000000
0000000000100000001000000000
0000000000100000001000000000
0000000000100000001000000000
0000000000111110001000000000
0000000000100000001000000000
0000000000100000001000000000
0000000000100000001000000000
0000000000100000001000000000
0000000000111111111000000000
0000000000000000000000000000
0000000000000000000000000000
0000000000000000000000000000
0000000000000000000000000000
0000000000000000000000000000
0000000000000000000000000000
0000000000000000000000000000
