0000000000000000000000000000
0000000000000000000000000000
0000000001011111111000000000
0000000110100000000110000000
0000000100000000000001100000
0000000100000000000000010000
0000000100000000000000010000
0000001000000000000000010000
0000000100000000000000010000
0000001001111111111100010000
0000000100000000000000010000
0000001000000000000000010000
0000001000000000000000100000
0000001000000000000000100000
0000001000000000000001000000
0000001000000000000001000000
0000001000111010000001000000
0000001000001011110010000000
0000001000000000000010000000
0000001000000000000100000000
0000001000000000000100000000
0000001000000000001100000000
0000001011111111111100000000
0000000000000000000000000000
0000000000000000000000000000
0000000000000000000000000000
0000000000000000000000000000
0000000000000000000000000000
