0000000000000000000000000000
0000000000000000000000000000
0000000111111111100000000000
0000000000000000110000000000
0000000000000000010000000000
0000000100000000010000000000
0000000100000000010000000000
0000000100000000010000000000
0000001100000000011000000000
0000001110000000001000000000
0000001011111111001000000000
0000001000000000001000000000
0000001000000000001000000000
0000011000000000001000000000
0000010000000000001000000000
0000010111111111101000000000
0000010000000000001000000000
0000010000000000001000000000
0000010000000000001000000000
0000010000000000001000000000
0000010000000000001000000000
0000010000000000001000000000
0000010000000000001000000000
0000011111100001111000000000
0000010000111111001000000000
0000000000000000001000000000
0000000000000000111000000000
0000000000000000011000000000
