0000000000000000000000000000
0000000000000000000000000000
0001111111111111000000000000
0001111111111111000000000000
0001100000000011000000000000
0001100000000011000000000000
0001111111111111000000000000
0001111111111111000000000000
0001100000000011000000000000
0001100000000011000000000000
0001111111111111000000000000
0001111111111111000000000000
0001100000000011000000000000
0001100000000011000000000000
0001100000000011000000000000
0001111111111111000000000000
0001111111111111000000000000
0001100000000011000000000000
0000000000000000000000000000
0000000000000000000000000000
0000000000000000000000000000
0000000000000000000000000000
0000000000000000000000000000
0000000000000000000000000000
0000000000000000000000000000
0000000000000000000000000000
0000000000000000000000000000
0000000000000000000000000000
