1111111111111111111111111111
1111111111111111111111111111
1111111111111010111111111111
1111111111111111111111111111
1111111001110101110111111111
1111111011101101011111111111
1111111101111111100011111111
1111111010111011101011111111
1111111010101111011011111111
1111111111110101010111111111
1111111110101010011111111111
1111111101101111110110111111
1111111110111111111010111111
1111111111101111111111111111
1111111111111110110111111111
1111111110111111111111111111
1111111111010110101011111111
1111111110110101101111111111
1111111111111111110111111111
1111111101111101111111111111
1111111110111111110101111111
1111111111111111111001111111
1111111101111011110111111111
1111111101010111110101111111
1111111111110011111001011111
1111111111111111110111111111
1111111111110111111001111111
1111111111111111111111111111
