0000000000000000000000000000
0000000000000000000000000000
0000000000000000000000000000
0000000000000000000000000000
0000000000000000000000000000
0000000000000000000000000000
0000000000000000000000000000
0001111111111000000000000000
0011111111111100000000000000
0111111111111100000000000000
0111100000011100000000000000
0111000000011100000000000000
0111000000011100000000000000
0111111111111100000000000000
0111111111111100000000000000
0111111111111100000000000000
0111000000011100000000000000
0111111100011100000000000000
0111111111111100000000000000
0111111111111100000000000000
0111000111111100000000000000
0111000000111000000000000000
0111111111111000000000000000
0011111111111000000000000000
0000111111111000000000000000
0000000000110000000000000000
0000000000000000000000000000
0000000000000000000000000000
