0010000000000000000000000000
0111011111111111111111100000
0111111111111111111111110000
0111011111111111111111110000
0111000000000000000011110000
0111000000000000000011100000
0111000000000000000011100000
0111000000000000000111100000
0111001111110000000111000000
0111011111111000001111000000
0111001111111000001110000000
0111000000000000001110000000
0111000000000000011110000000
0111000000000000011100000000
0111000000000000011100000000
0111111111100000111100000000
0111111111110000111000000000
0111111111110000111000000000
0111100000000000111000000000
0011100000000000111000000000
0011100000000001111000000000
0011100000000001110000000000
0001100011111001110000000000
0001111111111111110000000000
0011111111111111111000000000
0011111111001111111000000000
0000000000000001100000000000
0000000000000000000000000000
