0000000000000000000000000000
0000000000000000000000000000
0000000000111111111110000000
0000001111000000000010000000
0000001000000000000010000000
0000001000000000000010000000
0000001000000000000010000000
0000001000000000000010000000
0000001000000000000010000000
0000001111111111111111100000
0000001000000000000010000000
0000001000000000000010000000
0000001000000000000100000000
0000001000000000000100000000
0000001000000000000100000000
0000001000000000000100000000
0000001000000001111100000000
0000001000111111000100000000
0000000111000000000100000000
0000000100000000000100000000
0000000100000000001000000000
0000000100000000001000000000
0000000100000000001000000000
0000000100000000001000000000
0000000100000000001000000000
0000000100000011111000000000
0000000100111100000000000000
0000000111000000000000000000
