0000000000000000000000000000
0000000000000000000000000000
0000000000000000000000000000
0000000000011111111110000000
0000000111111111111111000000
0000001111111111111111000000
0000000111110000000111000000
0000000111000000000111000000
0000000111000000000111000000
0000000111000000011111000000
0000000111111111111111000000
0000000111111111111111000000
0000000111111111111111000000
0000000111000000000111000000
0000000111000000001111000000
0000000111011111001110000000
0000000111111111101110000000
0000000111111111101110000000
0000001111011000001110000000
0000001110000000011110000000
0000001110000000011100000000
0000001110000000011100000000
0000001110000000011100000000
0000000111111111111110000000
0000000111111111111111000000
0000000011111111111111000000
0000000000000000001100000000
0000000000000000000000000000
