0000000000000000000000000000
0000000000000000000000000000
0000111111111111111111000000
0001111111111111111111100000
0000111111111111111111100000
0000111000000000000011100000
0000111000000000000011100000
0000111000000000000011100000
0000111000000000000011100000
0000111000000000000011100000
0000111011111110000011100000
0000111111111111000011100000
0000111011111111000011100000
0000111000000000000011100000
0000111000000000000011100000
0000111000000000000011100000
0000111011111111000011100000
0000111111111111100011100000
0000111011111111100011100000
0000111000000000000011100000
0000111000000000000011100000
0000111000000000000011100000
0000111000000000000011100000
0000111111111111111111100000
0000111111111111111111110000
0000011111111111111111110000
0000000000000000000000000000
0000000000000000000000000000
