0010010010001000100010001000
0100100100100101001001010010
0010010010010010010100001001
1001001001001001000010100100
0100100100100100101001010010
0010010010010010000100001001
0100001001001001010010100100
0010100100100010001001001001
1001001000010111111110010010
0010010010100000000101001000
0100100101010101010100100101
0010010001101000101101001000
1001001010010111011100100101
0010010000101001000101001000
0100100101001100110100100101
0010010010011011111100010000
1001001001001010000101001010
0100100100111001010100100100
0010010001010101010110010010
0100001010011010011101001001
0010100001010100101100100100
1001010100101001001110010010
0010001010000100100101001000
0100100001010010010010010010
0010010100101001001001001001
0100100010000100100100100100
0010001001010010010001000010
0100100100100100100100101001
